8.4369
7.75901
8.98499
8.40438
7.65929
7.60352
8.08875
7.47837
8.9094
7.66081
8.53576
8.89179
7.99169
8.90466
8.98114
8.06107
7.64714
7.07388
7.92363
8.98397
8.31152
8.95577
8.00628
7.53391
7.90872
8.32237
8.75035
7.41648
7.43708
7.62248
8.28824
7.37131
8.1823
7.8324
7.94931
8.2721
8.65508
7.7192
8.26072
7.0736
7.28259
8.768
7.63334
7.17748
7.09079
7.91506
8.09092
8.94795
7.49761
7.34331
8.31799
7.78525
7.23042
8.42871
8.48174
8.87414
8.66751
8.02383
8.14281
7.74296
8.32874
8.67431
8.95258
7.69613
7.2139
8.78915
7.06638
8.1771
7.09671
8.13574
8.88675
8.51316
7.80106
7.8747
7.8997
8.99159
7.28102
7.67763
7.36637
7.82791
8.21292
7.79763
8.81748
7.8343
7.65057
8.66681
8.90278
7.53402
7.25483
8.77223
7.11301
8.79445
7.84196
8.9299
7.11069
7.16744
7.48213
8.99207
7.50738
8.35464
