8.17596
7.10045
7.20654
7.64114
8.05817
8.83874
7.50236
8.75222
8.48909
7.43683
8.22454
8.93851
7.13257
7.27651
8.55528
7.93466
7.89521
8.10294
8.49979
8.84311
7.48665
7.51909
8.47223
8.37733
8.95911
8.91989
7.50437
8.62281
7.1009
8.23452
8.3489
7.62584
7.74448
7.54381
7.68105
8.79484
7.54623
7.33172
8.68138
7.81087
7.24277
8.0737
7.06358
7.82556
7.99953
7.82111
8.54281
8.24009
8.72859
8.04728
8.97385
8.74753
8.5926
7.47324
7.4606
7.55026
8.45187
8.28818
8.71453
8.63217
8.22685
8.37471
7.70935
7.48395
7.93585
8.77522
8.56664
7.30161
7.74416
8.54224
7.84192
8.202
8.58571
8.21868
7.84917
7.87292
8.53871
8.46676
7.93853
7.71154
7.90321
7.5475
8.85011
7.31692
7.38783
8.51265
7.59113
8.93694
7.2039
7.52877
8.6249
7.17135
7.40864
7.33749
8.00452
8.52522
8.16306
7.80946
8.49604
8.34139
8.88402
8.73707
8.79375
8.15471
8.88547
8.31804
7.62769
8.55696
8.40401
7.38744
7.80441
7.53414
7.57227
8.48674
7.68896
7.02174
8.42475
8.33949
7.88231
7.46741
8.51315
8.38414
8.64466
8.78297
7.93672
7.63185
7.4982
8.69956
8.42456
8.604
8.30953
7.82284
8.19981
7.54884
8.45647
8.03624
7.24458
7.44208
7.78589
7.10497
7.27654
8.28199
7.96616
7.02739
8.1707
8.92744
7.50049
8.01724
7.50179
7.0977
8.74377
7.9974
8.53679
8.02078
7.57302
7.89126
7.99381
8.3162
8.86982
7.89515
8.00394
8.67694
7.86339
7.67664
7.75983
7.35998
8.00323
8.65973
8.11879
8.13961
8.81227
7.47399
8.52912
7.06938
7.66938
7.52233
8.1716
7.46886
8.39009
7.69423
8.82159
7.35667
8.35655
8.33521
7.525
7.71117
8.159
8.36045
7.0455
7.12004
8.28292
8.52817
7.6032
7.90398
8.51835
8.10744
8.85206
8.56902
7.12908
8.88009
7.90312
8.60106
7.89293
8.92779
8.15915
8.13622
7.41505
7.09908
7.0427
8.11282
7.6769
8.11048
7.47546
8.52878
8.0913
8.29233
8.36302
8.36385
8.47809
7.5036
8.28677
7.43564
7.25504
7.71726
7.6767
7.22796
8.10444
7.00778
7.95854
7.7217
7.6265
8.06537
8.49888
8.40269
7.58894
7.27831
7.90746
7.56043
8.37045
7.35732
8.92534
8.89672
8.55849
8.91026
8.16707
8.90346
8.03999
8.00103
7.76471
8.37334
7.33713
7.53039
7.80025
7.92672
8.34156
8.89826
8.8293
8.66049
8.03796
8.55602
7.10488
7.72508
7.32997
8.40514
7.06592
8.70535
7.1008
8.15791
8.8034
7.08669
7.18952
7.87912
8.35628
7.45879
7.44181
7.81186
8.81878
7.90067
7.53504
7.14204
7.74546
8.28243
8.60991
7.43913
8.65473
8.33902
7.27181
7.2111
7.88132
8.20067
8.91823
7.96755
8.15799
7.66742
7.59815
7.88758
7.74834
7.97269
7.26611
8.55566
8.96821
7.15004
8.16666
8.93298
8.57057
7.00376
8.35318
7.49697
7.51197
8.73973
8.49852
7.02911
8.07631
7.00929
7.93843
7.42823
7.19366
7.31991
8.59356
7.61928
8.03779
7.59141
7.81266
8.09618
7.59644
7.87775
8.22672
7.2696
7.44567
7.124
7.72476
8.76071
7.11236
7.0218
7.63829
8.73007
7.70138
8.22489
8.69876
7.95311
7.76981
8.07414
8.38636
8.42184
8.29257
7.53633
8.4545
8.33304
7.30874
8.52651
7.66155
7.77747
8.75774
8.13921
8.09982
8.0281
8.88415
8.23694
7.74161
7.58767
7.22179
8.76123
7.48353
7.55828
8.29333
7.89172
7.81279
8.43685
7.21051
7.64186
7.91273
7.18762
7.85618
8.74408
8.2844
7.52516
7.7155
8.4245
8.85933
7.90445
7.67659
8.69163
7.40397
7.02712
8.14801
8.08134
8.78099
7.55158
7.96256
8.83245
7.42697
8.88207
8.00768
7.34386
8.64746
7.56949
8.65991
8.34881
8.37884
8.00326
8.50528
8.28681
7.09389
7.62758
8.16746
7.94275
8.11152
8.75941
8.09538
7.63775
8.59724
8.13829
8.99119
7.83347
8.20566
7.46982
8.51031
7.25433
7.18281
8.49005
8.5267
7.63011
8.95478
8.87471
7.14599
7.77513
7.51707
7.04861
8.06804
8.59926
7.23236
8.9728
8.54331
8.14958
8.84528
8.68205
7.19075
7.21767
8.55767
7.86684
7.04209
7.57256
8.74311
7.69337
8.46154
8.66866
7.17815
8.16501
7.11077
8.63568
8.40172
8.77473
7.49818
8.96386
7.17128
7.10778
8.60607
8.2324
8.1496
8.4703
8.79681
7.16679
8.75257
7.47405
8.74033
7.4943
8.40322
8.09667
7.57051
7.21063
8.43397
8.58802
8.84757
8.17867
8.63063
7.73783
7.07309
8.09895
8.10097
8.18967
8.09492
7.77244
7.40752
8.8128
7.74626
7.84414
7.29169
8.03512
8.90053
7.17435
8.82011
8.91362
7.08836
8.45369
8.30991
7.58159
8.58038
7.33475
8.49229
7.64356
8.80874
7.99195
8.0547
7.7262
8.61273
8.2496
7.18677
7.34556
8.91895
7.56471
7.39934
8.95566
8.92066
8.92561
7.66946
8.21335
8.78333
7.44395
8.54521
8.07467
8.32478
7.29771
8.95572
7.26259
7.43674
8.61443
8.19521
7.48511
7.68906
8.68783
8.47063
7.90645
7.31369
8.22259
8.32692
8.28137
8.05727
8.45713
8.33089
7.80148
8.40198
8.13935
7.72342
7.04579
8.35367
8.06508
8.68845
8.97057
7.50888
8.07445
7.80553
8.94147
8.16129
7.89569
8.21526
7.33927
8.65099
7.7525
8.38344
7.33085
8.09399
8.74678
7.2392
8.03895
8.83958
8.67723
8.03523
7.93759
7.27418
8.51147
8.92753
7.28124
7.66115
8.69304
7.35529
8.40194
7.80325
7.2174
8.51321
8.8992
8.89893
7.05282
8.82557
8.87281
8.88737
8.80832
8.77655
8.95235
7.99016
8.65811
8.93299
8.61385
7.31731
7.66824
7.40039
7.35292
8.63239
7.67471
8.67465
7.56065
8.11399
7.15287
7.50653
7.91118
8.04991
7.35058
7.6857
7.73607
7.85941
8.57527
8.10596
7.08503
8.33293
7.9406
7.19625
7.05078
8.30444
7.61613
7.6137
7.69254
8.47629
8.61148
7.62307
7.79087
7.71495
8.63852
7.03564
8.7203
7.53237
8.48738
7.2088
8.27996
8.9921
8.96239
7.56925
7.25322
8.80257
8.23039
8.52443
8.06148
8.95118
8.28198
8.73419
7.15354
7.70405
8.46024
8.59303
8.67377
7.84403
8.72621
8.8077
8.93461
7.42862
7.31666
7.56049
8.84937
7.86816
8.10415
7.88483
8.01858
7.22769
7.59726
8.0638
7.67835
8.04735
7.7814
8.36847
7.0064
7.94606
7.23435
8.28594
8.6351
7.80719
7.18733
8.04463
8.46586
7.80664
7.07538
8.19978
7.56798
7.74038
7.10324
7.20647
8.25438
7.25866
8.67013
7.68429
7.41647
8.48608
8.10301
7.74507
8.50068
7.76266
8.95177
7.32298
8.82161
8.48613
8.38636
8.99569
7.00514
8.59815
8.58266
8.98486
8.16185
7.54255
7.40535
8.50118
8.40269
7.11376
8.75515
7.96077
7.16089
8.60762
7.61765
8.28964
7.17959
8.37297
7.29395
7.4797
8.56027
8.54054
7.41077
8.96008
8.6517
8.81931
7.90637
8.10601
8.87592
8.16874
7.55802
7.06339
7.16225
8.1775
7.73768
7.06537
7.81315
8.51573
7.83815
7.65364
8.32591
8.73602
8.91835
7.28038
7.33061
7.70447
7.2313
8.89482
8.39631
8.04754
8.02901
7.94643
7.86468
8.10494
8.8156
8.35962
8.293
8.64834
7.35744
8.70182
7.90971
8.92651
8.64046
7.03647
7.74882
8.80093
8.4669
7.8555
7.72073
7.28328
8.91131
7.82924
7.31287
7.05608
7.41508
8.37692
8.77157
8.74514
7.97081
8.16813
8.46783
8.99734
8.08751
7.76204
7.09102
8.20236
8.6554
7.75986
7.78632
8.0516
8.20699
7.95821
7.48976
8.95574
8.98753
7.97024
7.08217
8.2868
8.75944
8.88753
7.27857
8.63153
8.35661
8.04061
8.38617
8.97658
8.05773
8.29592
8.16367
7.93082
7.62016
7.20122
7.4757
7.81235
7.16274
8.04189
7.87359
7.3841
7.75494
8.01865
7.649
7.23924
8.19374
8.62702
7.48424
8.89217
8.30221
7.50457
8.64852
8.0398
7.03836
7.14867
7.9152
7.08663
7.18
7.53948
7.3522
8.04741
7.7762
8.58978
8.40007
7.3937
8.4632
8.42992
7.98498
7.59878
8.18105
8.00477
7.21342
8.56552
8.77619
7.43713
7.1332
7.04675
8.70085
8.76407
8.15104
7.22361
7.53126
8.26779
8.36349
8.52613
7.48383
7.72402
7.93673
8.52797
7.02283
7.16713
7.00677
8.2233
8.75319
8.47805
7.70033
8.52876
7.21854
8.87148
8.16311
8.82358
8.70023
8.34108
8.83941
8.33697
8.56448
7.45496
8.45205
7.17501
7.42356
7.39039
8.35396
8.988
8.3575
8.29479
7.82148
7.21445
7.35745
8.7447
7.96511
8.02022
7.34336
7.48246
8.73314
7.87803
7.73086
7.12948
8.6507
7.05712
7.70869
8.26169
7.00052
7.49459
8.12489
8.26205
7.42015
8.19017
8.11885
7.63428
7.05485
7.20805
7.41817
7.76983
7.72292
7.21201
8.38147
8.96722
8.43032
7.07134
8.26221
7.67167
8.39181
8.92188
7.73081
7.72261
7.95915
8.83104
7.57528
8.7078
7.3374
7.65854
7.49755
7.52371
7.76063
8.75702
7.6824
8.46604
8.99007
8.43169
8.72612
7.87876
7.79285
7.21954
7.07932
7.775
8.71016
8.70008
7.84229
7.14265
7.75774
7.4918
8.4279
8.95665
8.7279
7.36178
8.78259
7.00361
7.62971
8.97013
7.02819
7.32729
8.38369
7.34043
8.19469
7.07949
8.44914
8.26368
7.04616
8.19488
7.25702
8.07057
8.30432
8.12209
7.55407
7.00941
8.78801
8.65829
8.25846
8.01901
8.78508
8.08596
8.92027
8.87267
7.81555
8.74832
8.58167
7.01519
8.22252
7.44967
8.44159
8.90431
8.41138
8.25284
7.38315
