7.46467
7.61789
7.32802
7.76499
8.10549
8.21855
7.10831
8.91523
7.8951
8.52426
7.52412
7.07696
7.95954
7.83852
8.20204
8.66225
8.57929
7.37078
7.72138
7.28674
7.22366
7.16997
8.11018
8.43191
7.41343
8.5499
8.48662
8.409
7.0446
8.20485
8.40047
8.02245
8.18761
8.52053
8.57879
8.79359
8.047
7.87994
7.44936
7.05251
7.03963
8.41642
8.0536
7.96093
7.57731
7.28616
8.33231
8.09887
8.60803
8.67721
8.37728
8.77795
8.38585
8.28771
8.60043
7.08196
7.73005
8.9971
7.51615
8.25054
8.76469
8.60005
8.77591
8.23213
7.90045
7.07275
8.95651
8.25877
7.96131
8.64293
8.05288
8.7937
8.21376
8.2431
8.3771
7.01439
7.26229
8.8126
8.82642
8.12814
7.90251
8.7642
8.03458
8.63662
7.73019
7.25129
8.99927
8.98999
7.64319
8.42445
8.78064
8.41725
7.56958
7.0853
8.72658
8.87378
8.91832
8.63857
7.76556
7.97196
7.65598
8.40391
7.16747
7.67826
8.30517
8.2313
7.80785
7.73037
8.13353
8.79837
8.11641
7.43522
8.7363
7.54917
7.8248
8.95027
8.42333
8.44933
7.1773
7.87502
7.41634
8.00394
7.62825
7.88241
7.87107
8.86257
7.68897
7.23931
7.85013
8.97134
8.63302
7.0756
8.27106
8.70384
8.17521
8.77066
7.99151
8.99398
8.39184
8.7694
8.44857
8.28725
8.87709
7.35927
7.21882
8.07985
8.36415
7.09211
8.771
8.65293
8.64324
8.04272
7.11352
7.01703
7.16229
7.33702
8.63283
7.36773
7.33135
8.57921
8.8946
8.74222
8.59358
8.37855
7.11017
8.55737
7.88212
8.68081
8.82495
7.37495
8.68382
7.14104
8.71548
7.51502
7.41907
8.7409
8.37767
8.73673
8.44484
7.77166
8.47621
8.90826
7.5292
8.39094
7.36955
8.90189
8.91035
7.18463
7.6111
7.04763
8.69385
8.08896
8.35992
8.75907
7.81766
8.78867
8.69538
8.08969
7.81051
8.19467
8.61948
8.52181
7.57355
8.36217
8.99509
7.48158
8.05644
7.99879
8.56965
7.51086
8.82662
8.44575
8.72225
7.66405
8.62211
8.20779
7.61791
7.18488
7.09811
8.09742
8.67247
8.80347
8.94666
7.74308
8.29432
7.31331
8.14222
7.58539
7.02889
7.78237
7.39611
8.5444
7.43442
8.95349
8.18605
8.47338
7.52406
8.24669
7.36576
8.96532
7.04219
7.72707
8.43074
7.76918
8.55864
7.3224
8.50005
7.68775
8.81251
7.63826
7.63807
8.28483
8.3306
7.44763
7.46606
8.23833
7.90669
8.05094
7.89309
7.31035
8.93959
7.36514
8.60353
7.35561
7.58226
7.86095
8.87216
8.2332
7.07179
7.24228
8.58194
8.31823
8.39255
7.15825
7.25986
8.06405
8.02942
8.01185
8.76711
8.37496
7.4248
7.41971
8.44466
8.9731
7.81714
7.19334
7.17897
7.22086
7.32465
8.76506
8.58588
8.7283
7.60173
7.61862
7.41908
8.976
8.35262
7.87626
8.22642
8.55461
7.16162
8.68472
7
7.5925
8.08329
7.37188
8.99056
7.25218
7.86
7.78905
7.41095
8.08794
7.27257
7.76991
8.63028
8.48342
7.98895
7.83755
7.93177
8.9416
7.40508
8.17335
7.98236
7.54043
8.46611
8.36428
7.72976
8.53143
7.75738
7.53794
8.81402
7.91278
7.67606
7.06478
8.55511
8.0404
8.80378
8.91167
7.61302
7.84394
7.27408
7.23382
8.06311
7.90224
7.13285
8.81053
8.31015
7.01202
8.68633
7.09352
8.73137
7.74962
8.02431
7.36093
7.77275
8.32521
7.64383
8.74023
7.54994
7.92226
7.61724
8.24062
7.85737
7.76522
8.78324
8.34441
8.25405
8.7861
7.47238
7.08197
8.06632
7.29722
7.35666
8.91723
7.21186
8.76989
7.98829
7.95944
7.17901
8.5217
8.24156
7.11144
8.62055
7.52277
7.3185
7.37938
7.80784
8.8973
8.00593
7.9808
7.59058
7.01067
8.1708
7.74136
7.2012
8.96155
8.27397
7.06484
7.371
8.7481
7.29799
7.2251
7.94109
8.75011
8.93041
7.7232
8.0541
8.67947
8.43449
7.94576
7.93991
8.58018
7.42103
7.16282
8.74953
8.38015
7.92664
8.17577
7.4585
8.86417
7.47713
7.17626
7.33746
7.11771
8.28699
7.96146
8.21561
8.57176
8.11407
7.34087
8.57065
8.83388
8.95985
8.07723
7.68913
8.00255
8.08753
7.09205
7.08821
8.48816
7.19872
8.9107
7.03482
8.692
8.26044
8.82633
8.29794
8.91308
8.47633
7.67039
8.39549
8.20343
8.44893
7.81218
8.30415
7.79468
7.59989
7.92323
8.04784
7.59467
7.02846
8.23115
8.31909
8.57948
8.16563
7.12273
7.29149
8.64174
8.08109
7.74586
7.83545
8.8528
7.68094
8.10444
8.86652
8.71982
8.39208
7.76527
8.66511
7.3448
7.52578
7.22408
7.59963
7.20104
7.65537
7.8456
8.72914
8.97463
7.21458
7.27466
8.56165
7.4584
7.20692
8.64598
8.16345
7.05225
8.2565
7.83792
8.09363
7.39003
8.16193
8.4721
8.52608
8.14939
8.98078
8.87915
7.7726
7.95074
8.66591
7.94085
7.72579
8.035
8.5522
8.42463
8.83176
7.66524
8.56611
7.80615
7.54419
7.96945
7.54097
8.03941
8.98682
8.01527
7.08975
7.29637
8.24732
8.51182
8.42214
8.68856
7.10954
7.63686
7.53645
8.59105
7.40226
8.0228
7.05973
7.49528
8.12539
8.55747
7.21251
8.75072
8.54395
7.30162
8.34333
7.14985
7.84291
7.76091
7.18315
7.90225
7.11015
8.63014
8.1687
8.73196
8.12937
8.50971
7.50683
8.51885
7.32183
8.95541
7.38684
8.30142
7.97131
8.39039
8.63136
8.62636
7.20348
8.36425
8.84312
7.66366
7.50016
7.87012
8.73358
7.00938
7.37569
7.16727
7.65368
8.96786
7.57803
8.36146
7.48812
8.8531
8.77728
7.19155
8.62269
7.59843
7.04207
7.97874
7.23714
7.71408
7.91883
7.75135
8.5303
7.90246
7.17748
7.63795
7.63823
7.49059
8.72906
8.57177
7.61236
8.37676
7.78716
8.18607
7.42191
8.3388
8.04842
7.47709
8.93334
8.41286
7.93237
8.02197
8.75664
7.65694
8.91428
7.31816
7.00025
8.36312
8.50073
7.29963
8.54863
8.91308
7.0718
8.8465
8.7045
7.88272
7.5264
7.66735
8.21471
8.25536
7.44654
7.57014
8.44323
7.0412
7.34217
7.23699
7.0661
8.86272
8.42238
8.27577
7.58064
8.06088
8.92657
8.87773
8.11758
7.88006
8.22279
8.42731
8.51019
7.6878
8.44151
8.74059
8.88118
7.52208
7.23089
8.84061
7.54644
7.06116
7.6355
7.99115
7.67417
8.37691
8.20931
8.18297
7.80571
7.17838
8.8705
8.06939
8.77836
7.50691
8.69419
8.39931
7.85088
8.84287
8.43081
7.82347
8.87221
8.20452
8.20937
7.30007
8.91921
7.84462
7.58956
7.61282
7.13515
8.6177
8.06528
8.35268
7.46578
8.76639
8.93498
7.45081
7.41622
7.46062
7.66589
8.39128
8.99006
7.49445
7.74621
8.39738
7.09007
7.0799
7.96717
8.17155
8.41913
8.08785
7.87888
7.39658
8.35704
8.66898
8.48951
7.97624
8.56114
8.49042
8.98309
8.49975
8.02656
7.69678
7.54308
8.53601
8.015
8.51334
7.83061
7.5171
7.60254
8.15922
7.98418
8.6239
7.05536
8.39791
8.79484
8.33725
8.4894
8.72545
8.35778
8.31564
7.02023
7.14773
8.94685
7.92645
8.55783
7.18593
7.32617
7.158
7.13322
8.21183
7.75936
8.49956
8.51556
7.34081
8.54784
7.66477
8.3265
7.17151
8.84949
8.03081
7.32617
8.95417
8.95127
7.82562
7.68938
7.79335
7.02627
7.9364
7.50141
8.85096
8.74602
7.41733
8.70939
8.99513
8.02831
8.14415
7.90937
7.20728
8.94601
8.87141
8.74348
8.26698
7.85103
8.09993
8.22379
7.5784
7.66193
8.10808
8.503
7.18812
8.11023
7.27556
8.91401
7.04549
7.15683
8.39852
7.30342
7.7153
7.17233
8.89625
7.55859
7.55168
7.15964
8.26097
8.14121
7.23144
8.96711
8.57446
8.23603
7.33073
8.13121
8.8964
7.85196
7.85115
8.16387
8.39085
8.55989
8.76592
7.72667
7.43355
7.73913
8.14751
7.6068
7.43363
7.88199
8.80962
8.89942
8.64927
7.36344
7.37273
8.7696
8.87182
8.02554
7.42602
8.35905
7.26955
8.31101
8.81622
7.10491
8.46008
8.01242
7.38446
7.14284
8.6571
8.84283
7.66448
8.75137
8.99372
7.83312
8.83492
7.86553
7.46766
8.00812
8.40856
7.73792
7.83425
8.78639
7.70154
8.60056
8.80176
7.87596
7.35593
7.31228
7.92993
7.50701
7.58164
7.14155
7.26894
7.43647
8.25297
8.89311
7.70116
7.79672
8.7704
7.68353
7.83277
7.44298
8.72802
8.89583
8.67442
8.13599
7.1837
8.52919
8.02622
7.851
8.17227
8.26463
7.00521
7.22906
8.44574
7.80541
7.17979
7.82776
7.37732
8.78266
7.95171
7.24414
8.88436
8.13613
7.4679
8.92202
7.68245
8.49065
8.79091
7.5331
8.07064
8.35823
8.68492
7.40659
8.70387
8.10551
7.57926
7.01216
7.52581
8.82498
7.18704
8.1175
8.59542
8.52895
7.11116
7.93424
8.58719
8.99056
7.83443
8.10859
8.83409
7.64805
7.48016
8.47968
7.55738
8.31651
8.10198
7.99434
8.83668
8.47344
8.63378
8.46887
7.44908
7.36973
8.04556
7.55034
8.03476
8.76342
8.40068
8.17499
8.46919
7.91065
7.27988
7.68823
8.77704
8.96043
8.68606
7.59435
8.31415
8.8768
8.65714
7.2983
8.85766
8.92935
7.44055
7.04131
7.45325
7.78024
7.26119
7.56969
7.7237
7.94222
8.00516
7.54807
7.22921
7.1479
8.50048
7.95555
7.64957
7.07367
7.63518
8.16031
7.67854
7.8564
7.22171
7.24446
7.90562
7.25726
8.1036
7.85184
8.91114
7.09441
7.80543
8.20223
7.60329
7.47525
8.59791
8.88856
8.41993
7.47834
8.75661
8.58826
7.8602
8.71606
8.97157
7.55679
8.9254
7.65477
7.62152
7.13092
8.9872
8.05518
8.31294
7.88619
8.09188
8.84395
7.26478
7.02757
8.60632
7.71709
8.86309
8.50483
8.47902
7.43664
8.84778
7.17255
8.61567
7.15424
7.44288
7.51359
8.94829
7.47686
8.12527
7.62782
7.91073
8.21494
7.94819
8.06328
8.8303
7.10087
8.0455
7.89117
8.05229
8.21012
7.16911
8.4713
7.84902
7.68955
8.1316
8.11218
7.10604
7.85604
7.9082
8.30291
8.19915
7.47948
7.9924
8.54679
8.28931
7.33807
8.51925
8.74061
7.67917
8.02398
7.07854
8.43806
8.24871
8.27383
8.67778
7.11994
8.14701
8.40824
7.88667
8.89888
8.12179
8.48475
7.93899
8.11365
8.9614
8.73477
8.67875
7.27583
7.58788
8.19428
7.08142
8.28203
7.6699
7.42288
7.98102
7.09068
7.81184
8.54666
7.83223
7.53864
7.62475
7.72927
8.58156
7.58374
8.26968
8.9775
8.74132
8.21766
8.0062
8.39213
7.1133
8.35489
7.56088
7.25994
7.13362
7.53449
8.47901
8.71173
7.0326
7.96674
7.08236
7.25653
7.45637
7.00092
8.49934
8.16695
7.14866
7.93281
7.77784
7.8042
8.61501
7.66427
8.62741
7.14107
8.34854
8.24379
7.60029
7.66718
8.6025
7.26685
8.98385
7.66652
7.95872
7.06596
7.86624
7.53183
8.55701
7.96625
8.70229
7.61725
8.06002
8.34409
8.8302
7.83606
7.44352
7.90425
8.84971
7.06257
8.67828
8.01553
7.05785
7.47392
8.39729
7.9026
8.53026
7.89853
8.45104
7.58049
7.9805
7.48732
7.16068
7.6218
8.04677
8.07913
7.49525
8.14231
8.11281
7.16992
8.65782
7.24574
8.68604
8.60755
7.27928
7.7594
8.0916
8.77273
8.42504
7.9093
7.31645
7.6194
7.1901
8.67807
8.50075
7.64648
7.76607
8.64811
8.74975
8.60728
8.70033
8.22032
8.16808
8.92764
7.38729
7.87127
7.40838
8.55663
7.86916
7.3296
8.22905
7.1275
7.86142
7.05416
8.14777
7.6827
7.84143
8.50497
7.31005
8.04133
7.47543
7.54967
8.32927
7.03185
7.79166
8.53627
8.28922
8.20694
8.06014
7.85434
8.04471
7.62828
7.69342
8.87968
7.34626
7.58338
7.45064
7.77889
8.82427
7.99757
7.939
8.92796
8.63854
8.14119
8.89716
8.14524
7.98163
8.50527
8.77117
7.79721
8.04919
8.69511
8.52892
8.13701
8.57182
7.63834
8.51246
8.07847
7.44996
8.96545
8.45715
8.24107
8.72404
8.093
7.24253
7.87387
8.18629
8.25123
7.19181
7.88405
7.10229
7.87539
7.08505
7.87436
8.22547
8.33616
8.70606
7.28424
7.04612
8.30248
8.30968
7.16588
7.41533
7.97646
7.00439
8.93771
8.21578
7.00612
8.84074
8.8067
8.0337
7.14024
7.39684
7.35832
8.37137
8.59628
7.1786
7.39869
8.51449
8.13904
7.12617
7.01828
7.22226
8.11603
8.13079
7.25079
8.09119
7.90682
7.72989
8.99195
8.35568
7.6355
8.73886
7.66722
8.34638
8.82622
8.47585
8.51102
7.22221
8.77179
7.97632
7.26022
8.90377
8.17878
8.75622
7.31195
7.77207
7.40235
8.33666
7.85297
8.42566
8.32549
7.80857
7.22282
8.69302
7.08688
7.61837
7.61163
8.40134
7.09917
7.37247
8.55003
8.48933
8.60677
7.51757
8.71055
8.85787
8.01733
8.70739
7.74545
8.28068
8.17774
8.66083
8.84727
7.32294
7.19839
7.83862
7.58322
8.59001
8.00787
8.02749
7.05895
8.27927
8.97721
7.07323
7.43206
8.60064
7.60449
7.29012
8.2402
7.32505
8.05447
7.06842
8.07073
8.47056
8.35274
7.90616
8.11257
7.90352
7.48258
7.60008
7.37941
7.17892
8.0075
8.41958
8.91781
7.26971
7.82994
8.99655
7.21906
7.98939
8.27231
8.01428
8.32638
8.20234
7.28349
7.46356
8.13494
7.59139
8.50003
8.09137
8.38879
7.06454
8.63318
8.71044
8.75579
8.63724
8.81702
8.78224
7.73604
7.94047
7.27422
8.91936
7.07383
8.67448
7.8921
7.4761
7.33749
8.66941
8.93839
7.77961
8.29745
7.29
8.5896
7.49818
7.92504
7.37616
7.6923
7.46405
7.82288
8.01909
8.46092
7.51991
7.62743
8.06555
7.91256
7.76383
8.23319
7.64037
8.82199
8.4301
8.88808
8.10192
8.43001
7.24795
8.68127
7.64161
7.79563
7.99763
7.77674
8.67162
8.115
8.66803
8.07139
7.86111
7.74503
8.8747
7.41186
7.16038
7.8967
7.94427
7.64796
7.65433
8.46192
8.52651
8.58063
8.81294
8.2162
8.44899
7.10609
7.4268
8.61517
8.78639
7.93459
7.96576
8.9488
8.65433
7.98095
7.29802
7.53084
8.42938
7.8591
7.52451
7.74098
7.41631
7.06672
7.60271
7.56088
8.56094
8.5267
7.04078
8.10718
8.1636
7.75935
8.79994
7.76481
7.59766
7.50645
7.98061
7.72937
8.18525
7.46758
8.89029
8.76486
8.59296
8.06253
8.64471
8.18597
8.69896
8.72686
8.86889
7.35951
8.24684
8.16535
8.73164
7.94093
8.66417
8.59803
7.37882
7.95896
8.26451
7.90289
7.30035
8.41777
8.33494
7.60313
8.17359
7.82017
7.47814
7.19057
7.74841
7.89184
7.69477
7.69913
8.86244
7.08278
8.71196
7.10877
7.17223
8.18426
7.79419
8.65536
7.7232
8.56774
8.87655
7.75711
7.7825
8.19116
7.02571
8.83363
8.4603
8.59846
8.78348
8.11754
8.57292
8.83585
7.61998
7.88639
8.83863
7.63524
7.84867
8.16302
8.67419
7.45086
8.53914
8.83726
7.55559
7.74324
8.06764
8.06519
7.47326
7.58793
7.36642
8.56525
7.91827
7.4883
8.23272
7.96734
7.59385
7.97051
7.95396
8.65396
8.63308
8.47468
8.72303
7.26389
7.17939
8.77474
8.08395
8.89497
7.00254
7.36611
7.70228
7.90343
8.46425
7.96809
8.13324
8.51027
8.07207
7.29052
7.86461
7.29925
7.12466
8.49331
8.90221
7.11304
8.47986
7.00563
7.26368
7.68087
7.1345
7.93048
7.73378
7.24295
7.51257
8.18355
8.81348
7.73311
7.5728
7.72106
7.0492
8.30382
8.46172
8.55367
8.31299
7.18406
8.72758
7.7922
7.78599
8.74679
7.73665
7.88214
8.39151
7.5877
7.18904
7.25863
8.33887
8.7881
7.86854
8.64067
7.08584
7.16235
8.90625
8.57164
7.66693
7.30765
8.54664
8.74718
7.64024
8.63374
7.01869
7.97716
8.44411
8.3293
7.7334
8.80372
7.78239
8.56757
7.68075
7.93513
8.86772
8.41522
7.56273
7.96637
8.87602
8.29608
8.78743
8.46585
8.05291
8.2669
8.86326
7.38509
8.56154
7.9439
8.95238
7.15865
8.78478
7.83264
7.13313
8.04887
8.8224
7.69497
8.11669
7.08222
7.94323
8.04615
8.71707
7.08694
8.84591
8.36744
7.57895
8.42423
8.18916
7.72885
7.49739
8.66514
7.70118
7.15056
7.4662
8.29987
8.74569
8.01182
8.38439
7.13831
7.33179
7.86775
8.90243
7.08662
8.08971
8.80149
7.7418
7.06906
7.95098
8.34227
7.92409
8.59842
8.15885
8.51359
8.58921
7.04016
8.11463
7.58504
7.96561
8.25611
8.5312
8.15399
8.3107
8.63467
7.55028
8.77758
8.17564
7.24723
8.97373
7.54335
8.34963
7.61424
7.72436
8.27675
8.51215
8.89954
8.07897
7.18166
8.15243
7.20084
8.14657
7.42354
7.87693
7.32793
7.04744
7.28062
8.62443
7.53939
7.35469
7.72135
7.83721
8.16996
7.27221
7.35107
8.95461
8.66912
8.62375
8.71009
7.43004
8.82948
7.59233
8.80342
8.8323
8.98873
8.0868
7.07232
8.08325
8.1305
7.26754
8.69136
7.29434
7.85716
7.07459
8.98012
7.39543
8.67358
8.37267
7.8418
8.5216
8.59337
8.93315
7.64696
8.36955
7.41821
8.85226
8.83883
7.72669
8.98149
7.93257
8.06991
8.03856
8.47996
8.08583
8.02069
8.77823
8.15555
8.52259
8.00439
7.30433
7.97397
8.90268
7.92187
7.54049
8.0318
8.15165
7.3641
8.91841
7.73801
8.72012
8.29033
7.61416
7.31404
8.84924
7.04869
7.13589
8.0227
8.65163
7.53499
8.82243
8.81716
8.8941
7.18576
8.25359
8.59831
8.67362
8.44643
7.40413
7.3719
8.16289
7.21723
7.00671
7.60959
7.36994
7.79069
8.60266
7.685
7.93107
8.13773
8.01231
8.10237
7.06731
8.80912
8.46795
8.99121
8.16536
8.61361
7.08914
7.92784
8.51562
7.1016
7.91246
7.89246
8.64152
8.43274
8.13721
7.1319
8.49361
8.03971
8.73099
7.51731
7.4806
7.28665
7.86517
7.38948
7.41345
8.39389
7.94758
7.46467
7.94165
7.19577
8.09414
7.77981
7.61469
8.75829
8.87477
7.49482
8.3419
7.34152
8.99557
8.10883
7.03021
8.231
8.48074
7.47041
8.61061
7.9387
8.92769
8.02088
7.40969
7.99369
8.62724
8.26996
7.74741
7.31303
8.32423
8.5906
8.86846
7.29938
7.98939
7.35425
7.73527
7.43958
8.28989
7.26558
7.13541
8.90123
8.52605
7.16108
7.57955
8.6986
8.86427
7.45212
8.93268
7.63738
8.12382
7.79896
7.27489
8.28889
8.05597
8.99416
8.26481
7.52436
7.32471
8.22524
8.43874
8.75454
7.64275
7.12895
7.60648
7.8185
8.65145
8.68505
7.38263
7.56123
7.17648
8.73776
8.43513
7.17806
8.18865
8.78265
7.63508
8.20967
8.33575
7.67426
8.63119
7.27696
7.11434
7.46247
8.84265
8.90387
7.20857
8.95841
8.32978
8.87221
8.3766
8.2026
8.15071
7.68483
8.27638
7.29455
8.08843
7.62676
7.27446
8.02476
7.36319
8.63268
8.66827
8.44715
7.91768
7.45893
8.90836
8.5302
8.15694
8.90858
8.636
7.18108
8.99764
7.65778
7.54105
8.71305
8.42741
7.66396
7.93951
8.16728
7.5206
8.55709
7.30818
8.60009
7.13942
8.90164
8.51151
8.54997
8.92924
8.79598
8.92611
8.16935
7.92402
7.69468
7.78802
7.68746
8.24713
8.84394
8.96316
7.74071
8.59565
8.13233
8.15033
7.24899
8.8039
8.03271
7.66399
7.35892
7.27434
7.98456
7.26488
8.93673
7.22944
8.05392
7.93125
8.33972
7.34694
7.85766
8.48535
7.76867
8.70625
7.92638
8.84551
7.30031
7.85863
7.79168
7.47547
8.58421
7.28247
8.78743
7.73567
7.04704
7.61922
8.71938
8.80624
8.83312
7.68802
8.01936
8.80487
7.41005
7.26689
8.10997
8.03458
7.84639
7.17571
8.18878
7.17438
7.41971
7.70224
7.32651
8.80616
7.79317
7.65129
7.6926
7.48785
7.21236
8.44316
7.34502
7.54093
7.52782
8.27068
8.49233
8.0476
7.4061
7.16899
8.34675
7.55848
7.14769
8.28583
7.9025
8.04907
7.06738
7.92907
8.69518
7.31429
8.89376
7.56187
7.9309
8.43334
8.93798
7.86351
8.50653
8.31026
8.33565
8.19956
7.11373
7.82129
7.0554
7.33137
7.77567
8.842
8.18896
8.16228
8.36206
7.09881
8.22438
8.54739
7.62171
7.12192
7.18471
7.57689
7.31024
7.60554
8.85072
8.36507
7.79375
8.18276
8.86452
8.69778
7.17713
7.09612
7.60595
8.44624
8.47181
8.5313
7.24131
7.84866
8.6391
8.7799
8.76255
8.26436
8.87766
7.64587
8.83691
8.28215
8.86291
8.42113
8.37953
7.47668
8.59571
8.16032
7.09774
7.77412
8.64955
7.82133
7.13641
7.65955
8.8235
7.22887
7.2919
8.7383
8.91542
8.29731
8.97288
7.79465
7.55476
8.04578
7.67832
7.82662
8.67674
8.701
7.67727
7.82132
7.50881
7.1341
7.40852
8.36953
8.46318
8.61436
7.2195
7.39321
8.18938
7.20383
8.05108
8.04492
7.85651
8.91708
8.40623
8.66378
8.66752
8.45457
7.95656
7.8181
8.31357
7.89824
7.64701
7.64245
8.90383
7.40965
8.86605
8.45518
8.05897
8.5318
7.98822
8.97686
7.61369
7.78649
7.99657
8.76236
7.31297
8.29455
8.26926
7.35362
7.0395
8.17289
7.96076
8.66943
7.95591
8.30743
7.10244
7.76969
7.17886
7.00924
7.28499
8.21475
7.36729
7.66873
8.95505
7.64035
7.95951
8.33549
8.50949
7.93588
8.29648
7.40385
8.82201
7.02296
7.32777
7.1915
7.09612
7.58447
8.63484
8.61167
7.53935
7.00244
8.09586
7.84843
8.88516
7.31107
8.74717
7.49573
7.85477
8.90341
7.33505
8.36517
8.39421
8.49103
8.72953
7.33076
8.38042
7.7216
7.99741
8.08423
8.22627
7.64533
7.06344
7.79542
8.79333
8.49254
7.97414
8.35221
7.7981
7.69521
8.2041
7.82431
7.42191
7.87292
8.08005
8.79341
8.57041
8.47564
8.89932
8.49328
8.95866
7.26714
8.64883
8.20594
8.53371
7.72594
8.59071
8.32636
7.33953
8.66793
8.35277
8.90658
7.91026
7.3593
7.32244
7.68971
7.48307
8.65849
7.50179
7.8522
7.75887
8.59632
8.65549
7.25562
8.90444
7.25529
8.57684
7.25577
7.57328
7.66417
8.67185
8.03147
7.53442
8.39782
7.88484
7.67684
8.27805
8.5884
7.95077
7.63086
7.70839
8.56376
8.33619
7.8888
8.49842
8.68249
7.93457
7.82967
8.97775
7.77706
8.12741
7.20203
8.28988
8.79636
7.65354
8.28498
7.04369
7.53399
8.08094
7.17231
7.24253
8.29253
8.34943
8.31901
8.98073
7.03327
7.2164
8.0116
8.06898
7.91685
8.62911
7.93446
7.02473
7.4986
7.74782
7.1881
8.60811
8.53388
8.7525
7.54355
7.55231
8.90511
7.25194
7.7655
7.21089
8.17463
7.83929
8.02955
8.85941
8.54665
7.08567
8.72342
8.90609
8.42854
8.0121
7.02692
7.7779
8.66765
7.19498
7.8179
7.35709
8.94599
7.57539
8.67181
8.11992
7.91705
8.86354
8.53299
8.69717
8.48147
8.71452
8.68162
8.63544
8.58716
8.66086
7.56081
8.62123
8.80911
7.47778
8.15802
8.783
7.35748
7.28956
7.22741
7.44297
8.59132
7.56272
7.42282
7.18341
7.62997
7.14119
8.25264
8.49585
7.32309
7.17455
8.69304
7.94738
8.55454
8.43812
8.04892
8.22024
8.46262
8.55025
7.48095
7.24573
8.97926
7.75863
7.35685
8.54588
8.15099
7.5941
8.62241
7.38038
8.85556
8.19306
7.67815
8.14105
8.10567
8.81524
7.95292
8.85248
8.76347
7.1762
7.36811
8.4403
8.63753
8.65646
7.58381
8.62672
7.22685
8.76636
7.40063
7.6307
7.48884
8.35869
7.83862
7.55932
7.41779
8.1692
7.71751
8.81142
7.70654
8.26678
8.47063
7.55714
7.01607
7.80249
8.08871
8.55096
7.87493
8.92126
8.13409
8.16137
8.33331
8.7844
8.44469
8.35823
7.90088
7.25581
8.28922
7.7533
7.22395
7.49666
7.88099
7.54051
7.78283
7.45115
8.97107
8.41014
8.24928
7.26945
8.62511
8.429
8.21462
8.80884
7.20854
8.70458
8.31734
8.18563
7.26035
8.02211
7.96616
7.72575
7.68406
7.08947
7.7858
8.39422
8.83314
8.98056
8.08505
8.27017
8.89094
8.69414
7.45123
7.47534
8.26677
8.17952
8.95257
7.25663
8.98173
7.2562
7.53367
8.49381
8.22317
7.20431
8.34815
8.5895
7.33828
7.55222
8.81572
7.92597
7.09762
8.47897
8.61528
8.82313
7.57478
8.73338
7.4085
8.14326
7.42061
7.40164
8.81285
8.58885
7.53993
8.8651
8.84259
8.88761
7.50604
7.08559
7.58822
7.2581
7.56159
7.46735
7.47887
7.30774
7.65544
7.69515
7.00329
7.05836
7.31462
7.24226
7.10744
7.82634
8.75488
7.97307
8.87764
8.94785
8.42549
8.89575
7.05969
8.21845
8.30831
8.70229
7.93567
8.5338
8.54856
7.43751
8.49681
7.31003
7.43908
8.87544
8.9127
8.92308
8.96905
8.01786
8.28423
8.10488
7.06933
7.74572
8.06628
8.63686
7.79499
8.413
7.73537
8.18031
8.89576
7.76357
7.52843
7.25443
8.51711
7.89181
8.3716
8.02902
8.94236
8.89977
7.6045
7.79185
8.65666
7.25885
7.7794
7.64057
7.6761
7.55131
7.06946
8.05348
8.2105
7.04247
8.14844
8.17119
8.99331
8.83837
8.47679
7.6657
8.73734
8.78308
8.78263
7.31033
8.38462
7.9412
8.51201
7.08307
8.33547
7.39711
7.14613
8.66407
8.58151
7.47654
7.27165
8.82988
7.92723
7.70399
7.65803
8.77568
7.60565
8.78838
8.22843
7.27549
8.37422
8.61078
8.5824
7.0579
8.32543
7.02096
7.23942
8.87106
7.59157
8.00322
8.04532
7.11875
8.71931
7.39522
8.18651
8.48261
7.78862
7.20601
8.03009
8.37988
7.1319
8.49201
7.19162
7.75822
8.19805
8.68244
8.92504
8.44871
8.05493
7.85873
8.63363
8.18253
8.38998
8.54961
8.88137
8.63031
8.36806
7.79153
8.88998
7.9676
7.54813
7.58422
8.56471
7.84577
7.24179
7.07591
7.5428
8.52493
8.41841
8.58719
7.19573
8.30601
7.24107
8.62513
7.92871
7.87769
7.63724
7.14587
8.41611
7.50502
8.24178
7.64955
7.83523
8.678
7.864
8.90251
7.98396
7.41416
7.58841
8.5253
8.60153
7.59973
8.21403
8.16065
8.37198
8.03584
7.84852
8.97634
7.42297
8.41899
7.1707
8.07203
7.47752
8.4098
7.51897
8.63743
8.30122
7.58211
8.53207
8.00476
8.74451
7.92814
8.39287
7.3779
8.22796
8.91039
8.73205
7.69624
7.47824
7.7209
8.63469
7.59363
8.55567
8.95957
8.84112
7.95353
7.03221
7.59474
7.70967
7.2389
8.63211
7.63075
8.96385
7.0053
7.36621
7.2601
8.7839
7.42628
7.42196
8.01661
8.12305
7.92685
8.10622
7.94347
8.32476
7.54752
8.68949
8.24559
8.934
7.34417
8.56021
8.34944
8.1289
7.77418
8.03798
7.8778
7.34872
7.10358
8.39796
7.9856
8.67054
7.95664
7.34002
7.00165
8.65713
8.75629
7.23921
7.7939
8.84286
8.74246
8.82164
7.71326
8.56462
8.10979
7.20067
8.54655
8.82718
7.35306
8.0416
8.73355
7.847
8.79555
7.6465
7.71362
7.47282
7.18711
7.70101
7.67628
8.16132
8.71259
8.87131
8.05149
7.61996
8.27974
8.0833
8.13113
7.14772
8.50258
7.82743
7.05572
7.95724
7.11165
8.02089
7.99135
7.03379
7.48331
7.54562
8.66807
8.96223
8.47847
7.21966
7.0485
7.22091
8.1227
7.21237
8.40648
7.96116
7.64498
7.36149
7.6825
8.3985
8.1927
8.47523
8.51
7.87152
8.14733
7.45766
8.49691
7.56354
8.65356
7.54395
8.93103
8.95439
8.58439
8.73298
8.46036
7.90727
8.93177
8.39757
8.99356
7.70135
7.96754
8.87722
8.04809
7.91581
8.98282
8.83914
7.96572
8.68111
8.18839
7.44596
8.0654
8.10475
8.35468
7.97899
7.448
7.17414
8.17297
8.04611
8.87786
7.7639
7.26208
8.09159
7.98198
8.74548
8.36474
7.07818
8.40523
8.8835
8.35228
7.71576
8.28597
7.2692
7.13361
7.9928
7.82935
7.31927
8.88035
8.86439
7.01503
8.95254
7.08111
8.33182
7.82453
8.14978
8.85726
7.11832
7.025
7.93013
8.16614
8.84052
8.19006
7.19271
8.23351
8.51614
8.69564
8.0787
8.30068
8.72625
8.166
8.92479
8.04103
8.04359
8.89597
8.79303
7.88189
8.52964
8.82884
8.85601
7.00602
8.63348
7.08582
7.78859
8.90051
8.68122
7.81797
8.10182
7.34559
7.96481
8.58689
7.04228
8.61997
8.69607
8.45226
8.3874
8.50861
7.82608
8.35856
8.8252
8.93722
7.1258
8.6286
8.5308
8.97034
8.24414
7.81543
8.16496
7.9969
8.78181
8.19059
7.52741
8.47292
7.16997
7.10532
8.92581
8.9594
7.3439
7.24095
8.17785
7.49236
8.66742
7.6328
7.91972
7.8224
7.18915
7.93802
7.13595
7.01936
8.65664
8.49936
8.36515
8.61935
7.54466
8.26416
7.31536
8.03925
7.97064
8.33505
8.6318
7.93124
7.18422
8.91344
7.26102
8.73061
8.40017
7.23483
8.03644
7.00315
7.25107
7.46821
7.36631
7.20404
8.75915
8.11367
8.91301
8.73609
8.14723
7.26937
7.69197
8.53202
7.99807
7.14898
7.19096
7.54846
8.79992
8.12046
7.14958
7.16034
8.69405
8.01146
8.70559
8.25348
8.62027
7.76284
8.96941
7.17833
7.12682
8.18804
7.79212
7.04865
7.27194
8.02884
7.65941
7.68592
8.94223
8.81083
7.58562
7.51783
8.8569
7.63923
7.41053
8.61304
7.20153
7.85068
8.5074
8.0821
8.40631
8.66684
7.29688
7.99334
8.04072
8.28216
7.86768
7.73541
8.70149
8.07973
7.60067
7.80749
7.49625
7.39497
7.27625
7.66108
7.79332
8.14512
8.38018
8.164
8.22737
8.15326
8.29094
7.98273
8.95618
7.43097
7.21595
8.00446
8.53827
7.6116
8.33239
8.94197
7.56138
8.07909
7.47598
8.83086
8.9948
8.78419
7.03053
7.91983
7.90263
8.89619
8.32974
7.6327
8.59207
7.3689
8.15625
8.19011
8.42343
8.20838
8.21992
8.36681
7.89141
7.78655
8.8448
7.62523
8.16298
7.60858
8.6356
7.04618
8.46634
7.60243
7.79474
8.70754
8.52007
7.90785
7.50466
8.48312
8.0977
7.15562
8.97637
8.67256
7.79933
8.71978
7.22793
8.70905
8.6882
8.711
7.45527
8.80363
8.6225
7.52951
7.04935
8.5705
8.36976
7.38372
7.0472
8.10528
8.3417
7.41851
7.88058
7.48041
8.4484
7.97993
7.84772
8.85415
7.49745
7.07825
7.42667
8.42765
8.92403
7.27015
8.19671
7.09678
8.15017
7.12912
8.96456
8.35784
8.1358
8.21094
8.8874
7.67525
8.1642
8.7625
8.53767
7.05865
7.29172
8.18526
8.122
7.84255
8.28786
8.60742
8.69936
7.26545
7.00205
8.56563
8.57958
8.823
7.58222
7.95599
7.82146
8.95622
7.22948
8.91931
7.26343
7.83784
7.10894
8.76782
8.51047
7.80257
7.97367
7.22465
7.64896
8.30158
8.69433
8.45089
8.76856
8.79993
7.5747
8.26536
8.74789
7.56291
8.04239
8.22351
7.95049
8.97985
7.18811
7.07775
7.83898
8.9589
8.29354
8.81757
8.38694
8.44951
7.31016
8.11334
8.29257
8.20504
7.08495
8.20335
8.88118
8.41519
8.22821
7.25939
7.51992
8.1298
7.72224
8.91816
7.65026
7.59116
8.5614
7.93527
7.1837
8.07887
8.81978
8.88759
7.61126
8.03957
8.19263
7.67339
8.03466
8.53051
8.64901
8.75119
7.87094
7.27606
7.59547
8.37554
7.42739
8.1721
8.72208
7.33237
8.24171
8.15977
7.93465
8.08653
8.77257
8.81531
8.17953
8.33204
7.82634
7.97435
7.04415
8.21566
8.56662
7.72443
7.45931
7.64606
7.60249
8.68981
7.70815
8.75172
7.25784
7.09028
7.84142
7.76344
7.91379
7.21771
7.76071
7.25602
7.68
7.95336
7.84533
8.60854
8.23643
7.04559
8.29288
7.95257
7.98532
7.40914
8.46487
7.62758
7.81027
8.43239
8.6799
8.07102
8.31337
7.55681
7.03577
8.29694
7.5369
8.29231
7.64666
7.60901
7.68383
8.90711
8.72167
7.80034
8.9035
8.56052
8.96899
8.72589
8.38522
8.1409
8.57474
8.5202
7.91949
7.66336
7.63318
7.9958
7.48776
8.26892
7.94144
8.29981
8.66324
7.66311
8.11036
8.41206
7.68827
8.77478
7.56738
7.1633
8.50741
8.53643
8.28423
7.67738
7.81417
7.93694
8.21147
7.01266
8.1081
8.73517
8.64734
7.48518
8.80748
8.96664
8.52205
8.27665
8.36931
8.133
7.34564
8.96025
8.85556
7.65029
8.22857
7.62033
8.67824
7.21331
8.72879
8.55794
7.63197
7.00419
8.705
7.27939
7.14951
7.19089
7.19575
8.79661
8.73015
7.21584
7.50121
7.11024
7.16663
8.84887
7.96895
7.93791
8.33807
7.26697
8.19838
8.83979
8.10884
8.42791
8.01848
8.97082
8.70405
8.51553
8.32446
7.32836
7.01438
8.30578
7.26792
8.48823
7.51312
8.02814
8.26162
7.86066
8.8587
7.59991
8.35062
8.86467
7.92508
8.99383
8.15653
7.89278
7.76496
7.6091
7.43447
7.89549
7.243
7.2178
7.56609
7.7665
8.52906
8.38407
7.41497
7.27075
8.44565
7.78558
8.87149
7.05919
8.10946
8.10212
8.53352
7.4305
7.57944
7.76432
8.8768
8.17051
7.77274
8.7274
7.43096
7.9644
7.30426
7.36578
8.00018
7.666
8.09858
8.35533
7.17066
7.89754
7.47536
7.09412
8.29644
7.04769
7.28813
8.74335
7.91959
7.04076
7.54731
7.50621
7.77582
7.35924
8.03745
8.64169
8.28751
7.9309
8.89265
7.02426
7.57325
7.38678
8.26195
8.91591
7.65176
7.75934
8.29274
8.32791
7.40994
8.28988
8.20187
7.23201
7.29321
8.78602
8.17647
8.28279
7.57016
8.4513
8.5452
7.25953
7.11585
8.65703
8.45254
8.06344
8.09228
8.95632
8.96904
7.77061
7.77966
8.95415
8.07534
7.43606
7.79996
7.26123
8.7395
7.67698
8.06099
7.65838
8.85866
7.74474
7.80141
7.09265
7.11313
8.57231
7.04804
8.16861
8.2601
7.60566
8.90307
7.74937
8.87198
7.64099
7.23435
7.46318
8.55204
7.94938
8.48231
7.8227
7.55894
8.40697
7.98925
8.08002
7.57274
7.11059
8.91488
8.02732
8.56136
7.24292
7.02074
7.83457
8.6217
8.52338
7.41394
7.80881
8.93205
7.74893
8.32138
8.79584
8.08728
8.64381
7.67933
8.4367
7.8201
7.79613
8.64027
8.61757
8.61936
8.91238
7.66154
7.18102
8.38288
7.8826
8.72669
7.38632
8.00249
8.44762
8.99703
7.42577
8.43932
8.12609
8.07808
8.33947
8.04745
7.33284
8.74855
8.06081
7.3584
7.80947
8.85842
7.85927
8.99291
7.05446
7.15988
7.41023
7.10119
8.81077
7.91581
8.69982
7.54576
8.64682
7.59209
8.23384
7.06625
8.86632
7.74187
8.78904
7.09828
7.99215
8.41643
8.97151
7.23856
7.314
8.23685
8.72892
8.52001
7.26505
8.62208
8.42402
7.91908
8.36704
8.70854
8.7622
7.31441
7.93131
8.99496
8.8479
7.795
8.51061
7.97098
7.82198
8.67807
8.18532
7.87919
7.04758
7.26657
7.10726
8.64488
8.02028
8.23636
7.86182
7.24264
8.66104
7.96041
8.34855
7.84692
8.63634
8.49266
7.57768
8.60515
7.28515
8.38609
7.72772
8.40282
7.69965
7.87819
8.16661
8.39686
8.37909
7.4682
8.61569
8.00473
8.63935
8.67997
7.37899
7.82677
8.13374
8.52065
8.12758
8.39813
8.65108
8.04191
8.06079
7.50593
7.17511
8.94075
8.52397
7.61242
8.40427
7.93199
8.73934
7.09235
7.92933
7.28424
8.35968
8.54531
8.70588
7.74369
7.11389
8.49978
7.47887
7.61955
8.18966
7.67003
7.61418
8.87567
7.10718
8.54545
7.09221
8.98247
8.89268
7.95609
7.58635
7.22804
7.12296
8.7088
7.08587
8.44515
8.81096
7.46688
7.61656
8.14842
7.81475
7.08889
7.84068
7.03529
7.34499
7.41198
8.63862
7.59223
7.38438
7.81347
7.07354
8.42344
7.83482
8.13352
7.98551
8.73633
7.82668
7.32045
8.2174
8.70732
7.08555
7.15821
7.61731
7.3113
8.23072
7.30295
7.57192
7.95545
7.11
7.90009
7.56958
8.97454
8.36954
7.36411
8.80155
8.78861
7.03955
8.60078
8.82521
7.55756
7.1538
7.65197
7.95009
8.06771
7.27866
7.02731
7.13445
8.56302
7.52475
7.53241
8.46839
7.51387
8.62491
7.47177
7.82731
8.88341
8.84228
8.68195
8.69169
8.56395
8.3702
7.55156
8.76498
7.98577
7.30494
8.19116
8.69213
7.39237
8.64102
7.21217
8.33169
7.7933
8.28237
7.62511
8.66618
8.03674
8.84555
8.19449
7.89519
8.98463
8.42822
7.19757
7.96078
7.32058
7.26228
8.05465
8.07295
8.88051
7.18972
7.53798
8.7854
7.7728
8.33587
7.84706
7.91186
8.01208
7.0042
7.92868
7.32655
7.20866
7.10962
7.61306
7.39811
8.70995
7.26892
7.20774
7.93699
8.21578
7.73575
7.94616
7.77
7.14048
8.67768
7.1748
7.87715
7.58527
8.43137
8.18188
7.93223
8.55394
8.35329
8.16921
8.2541
8.27431
8.66669
8.57112
7.58606
8.2345
8.12461
7.63392
7.20041
7.06374
8.69655
7.23352
7.23399
8.89569
8.51078
7.38675
8.7702
8.46555
7.16239
8.2809
7.66166
8.61382
8.62823
8.55173
7.1104
8.08063
8.97997
7.94565
7.40182
8.59551
7.16315
8.79366
8.92424
8.66082
8.97963
8.5489
8.76263
8.73128
8.57357
7.16551
7.70628
8.30961
7.265
8.31988
7.86966
7.83729
7.27427
7.2418
7.58645
7.59031
8.80782
7.96972
7.33736
8.67965
8.98571
8.59932
8.69251
7.51041
7.857
8.35317
8.40406
8.61145
8.85462
7.41525
8.71121
8.60419
8.64823
7.03445
7.70764
7.80028
8.28774
7.84815
7.74557
7.33654
7.39888
8.4091
7.85505
7.43343
7.01649
7.53057
8.84658
7.52365
7.5679
7.84857
8.79127
7.38638
8.9022
8.48653
7.86805
8.43397
7.94401
8.73625
7.70515
7.32371
8.07487
8.28565
8.61586
8.63412
7.77634
8.3702
8.12327
8.43524
7.67525
7.0764
8.42875
8.80898
8.25193
7.864
7.75473
8.16287
7.21888
7.48611
8.88242
8.37081
8.79804
8.61566
7.91977
7.79286
7.85297
8.25225
7.42459
7.36102
7.28556
7.67211
8.84364
7.87086
8.02659
7.29753
8.32304
8.50744
7.4712
8.31782
7.13009
7.93735
7.82573
7.41831
8.25607
8.6581
7.47931
7.17412
7.4464
8.46803
8.61838
8.74722
7.72565
8.11102
7.55476
8.74665
7.41528
8.35267
7.13337
7.9434
7.07404
7.183
7.87537
8.44856
7.15194
8.32955
7.55761
7.74604
8.78848
7.74756
7.48176
7.72614
8.63698
7.18039
8.76914
8.86006
7.23273
8.90351
8.20958
7.81621
7.96291
7.97726
7.00573
8.61152
7.07907
7.0392
7.97647
8.8478
7.27139
7.42678
7.50252
8.4777
8.20423
7.02005
8.13808
7.5044
8.39795
8.32869
8.4561
8.74135
8.96031
8.57976
8.34291
7.74146
7.04827
8.15281
8.256
7.88887
8.301
8.73375
8.31538
8.25992
8.3221
8.55731
7.50844
8.73313
7.63442
8.70282
7.89313
7.27694
7.00581
7.58678
7.05506
7.71899
7.7283
8.45057
7.55888
7.97509
8.54288
7.19379
7.7067
8.79921
8.055
8.33324
7.36572
7.57142
7.55471
8.7834
8.21685
7.13726
7.18229
7.45374
7.25601
7.21289
8.77609
7.88966
8.32292
8.03652
7.58641
8.58565
8.43614
7.07998
8.49836
8.80468
7.68896
7.68425
7.16123
8.68725
8.24222
8.19125
7.10968
7.41473
8.44885
7.13297
8.65596
8.81734
8.49953
8.58776
8.23851
8.03416
8.22493
8.991
8.20488
7.63536
8.09007
8.98039
7.98648
8.73221
7.17327
8.19547
7.37068
8.55681
8.21355
8.9416
8.81188
7.60867
7.30729
8.11182
8.99642
7.62235
7.78198
7.22147
8.31842
8.10186
7.55213
8.92697
8.0084
8.40477
7.56423
7.19084
7.87947
7.22998
7.02002
8.28685
7.63962
8.63204
7.0204
7.67696
7.52192
7.55746
8.76867
7.26165
8.18123
8.6948
7.52377
7.27174
8.70837
8.30887
7.51454
7.28242
7.67343
7.88238
7.90321
7.77953
8.96225
8.47713
8.03468
7.98458
8.23901
7.83355
8.69176
8.584
7.62616
8.94709
7.41348
8.80012
8.34028
8.05926
8.39082
7.76003
8.01893
8.26044
7.727
7.75157
8.38165
8.97496
8.03432
8.0217
8.59078
8.31168
7.86212
8.92607
8.6271
8.86072
8.28305
8.47061
8.22558
8.88491
8.95267
8.79391
8.76326
8.77506
8.34788
8.85242
7.04938
8.79366
7.15586
8.63869
8.79897
8.46414
8.04915
8.0396
7.32172
8.00759
8.9167
8.77665
8.13518
8.10367
7.58616
7.00798
8.30896
7.67341
7.27758
8.92488
8.64208
8.0692
7.55595
8.39544
7.56446
7.82667
8.04294
7.0287
8.09312
8.48825
7.36736
7.59261
8.88668
7.49051
7.09822
7.05309
8.19153
7.30406
8.98519
8.84621
8.11297
7.67668
7.92634
8.55887
7.57499
7.55879
7.80811
8.30208
8.46452
7.13257
8.29764
7.13131
8.62017
8.22438
7.67832
8.32421
8.30286
8.17843
7.11403
7.73946
8.03084
8.43627
8.80794
8.38512
7.77969
8.52535
8.46673
8.31729
8.8302
7.11326
8.1321
8.79689
8.46408
7.45249
7.14851
7.65673
8.06723
7.21871
8.74067
8.67858
7.4629
7.09798
7.43626
8.66724
7.47175
8.83784
7.75419
8.94894
8.52662
8.04608
8.19403
8.27974
7.77081
8.67102
7.0964
8.80185
8.61279
8.45699
7.38126
7.83863
7.19096
8.85159
7.17793
8.1707
8.31722
8.91148
8.14267
8.1154
7.53601
7.93178
7.30083
7.77753
8.34696
7.39643
8.81311
7.01954
8.74797
7.97706
7.10202
8.67984
8.99043
7.70437
7.34107
7.43912
7.11842
7.24858
8.3267
7.7907
7.49324
7.80978
7.2513
7.76652
8.36978
7.89469
8.68018
8.91612
8.5485
7.1314
7.87161
7.4592
8.40872
7.89152
8.4861
7.09764
8.24279
7.20806
8.77101
7.35375
7.56754
8.62266
8.31473
8.53212
7.45117
8.64969
7.25287
8.81451
8.16925
8.86916
7.34835
7.30388
8.91049
7.71306
8.22549
7.97683
8.66081
8.82304
7.4965
7.14449
8.00547
8.58216
8.61725
8.84628
8.00313
7.61412
7.10021
7.16876
8.05121
7.24454
8.77202
8.81599
7.164
7.00069
7.84131
8.52161
7.65985
7.26532
7.24865
7.17797
7.46925
7.87376
7.97988
8.17626
8.34762
8.4975
8.37775
7.20321
7.10517
8.62639
7.6763
8.42513
8.92774
8.28318
7.46846
8.00719
7.47466
7.1439
7.45845
7.45888
8.18305
8.8155
7.32005
8.37719
7.86169
7.67802
8.63872
8.62883
7.88582
8.4862
8.11009
8.63002
7.74662
8.2094
7.46388
8.13508
8.77939
7.36801
7.1801
8.14467
7.08258
7.46063
7.82777
7.22318
7.98327
8.19911
8.06665
7.2313
8.54631
7.27573
8.27202
8.06034
7.22675
7.9342
8.32914
8.03413
7.91863
7.71162
7.99982
7.57259
8.92512
7.58919
7.64035
8.84048
8.98795
8.96215
7.47189
7.11876
7.14095
8.17947
7.84753
8.92783
7.91945
8.71389
8.95689
8.87262
8.29132
7.40518
7.17709
8.91985
7.19495
7.40323
8.51795
7.29538
7.10233
8.3875
8.97617
7.08591
7.44572
7.37044
7.07278
7.278
7.24754
7.80661
7.79761
8.37208
7.85155
7.03853
7.93675
7.20902
8.30345
8.07602
7.66743
7.92601
7.98877
7.49537
8.96975
7.37708
7.25731
8.66631
8.71708
7.06796
7.58106
7.75264
8.69005
7.4825
7.43395
7.49156
8.56233
8.42441
8.90738
7.36127
8.52897
8.04717
7.14706
8.59575
7.95948
8.32279
8.08255
8.65421
7.77203
7.55755
8.17501
7.99535
7.11387
8.22675
8.11781
7.77123
7.4169
7.55531
8.34699
7.56032
8.80588
8.54242
8.83395
8.09077
8.9486
7.46702
7.20343
8.22214
8.9582
7.99357
7.98097
8.17184
7.46889
7.78272
7.11062
8.07845
7.44513
8.69908
8.40691
8.65587
8.85473
7.59349
8.35456
8.20998
8.53714
8.99099
7.30241
7.56349
7.57168
7.28541
7.23844
8.5115
8.66455
8.15037
8.32917
7.93788
8.17206
8.35455
7.42218
8.71945
7.4892
8.93134
8.41629
8.59957
8.29908
7.66221
7.89652
8.71402
7.07221
8.47134
7.33443
7.53464
8.00638
7.23861
7.50418
7.50767
7.26815
7.97278
7.62713
7.48971
7.09295
8.72649
8.79952
8.96903
8.81437
7.53751
8.78995
8.29411
7.37871
8.01595
7.94668
7.35743
8.11812
8.92353
7.08204
7.1642
7.36199
8.33885
8.48591
7.31593
7.16748
8.19068
7.91591
7.58058
8.16701
7.72698
8.76726
7.55826
7.67929
7.13012
7.59309
7.5777
7.60515
8.24581
7.10094
8.55533
7.91644
8.70125
8.35094
8.41279
8.71051
7.93261
8.34042
8.20779
7.14315
7.13977
8.05283
8.11217
7.41075
8.02563
7.03376
8.6507
8.54252
8.06528
7.57801
8.89521
8.55236
7.87447
8.84566
7.84869
7.13079
8.30586
8.63
7.32314
7.17403
7.92855
8.53217
8.07949
8.97224
8.28711
8.68012
7.96382
7.72821
7.61307
7.78553
7.1323
7.81309
7.05593
8.33615
8.62078
8.08863
7.96667
8.55709
7.24408
7.69064
7.57194
7.89992
7.35107
7.88959
8.07374
8.97096
7.24733
8.87091
7.8929
7.77074
8.17719
7.32956
7.11931
8.55836
8.83561
8.04064
8.14789
7.99872
8.8311
8.1307
8.88813
8.92597
8.17217
8.44805
8.0964
8.78455
8.43547
8.63991
7.07607
8.26887
7.49751
8.16068
8.89908
7.71435
7.94138
8.60592
8.59193
7.72856
8.32374
7.74068
8.76652
7.81999
8.11384
7.69135
8.81845
7.3298
8.79631
7.95114
8.94531
8.33316
8.84043
7.8858
8.33896
7.1599
7.72264
7.69513
8.49898
7.75769
8.22878
7.54208
7.08015
7.69799
7.146
8.61398
8.50981
7.13754
8.0679
7.10498
8.81482
7.68358
8.11697
8.8293
8.031
8.51146
7.62674
8.14701
7.66772
7.18988
8.11181
7.99405
7.59316
8.67898
7.61018
8.668
7.70725
7.0109
8.98285
8.92189
7.51633
8.15293
7.14623
7.52006
8.61507
8.39405
7.35231
7.13897
8.97096
7.07036
8.5693
8.08312
7.88936
7.67986
8.10397
7.52501
7.30747
8.38604
7.25665
8.28372
8.16904
7.96539
8.57059
7.97799
7.76333
7.22537
8.3796
8.59483
8.18774
8.8119
7.15203
7.07301
8.16685
7.68014
8.95813
7.40673
8.36309
8.80751
7.56806
7.08518
7.78488
7.43104
8.35212
8.02853
8.25547
7.4199
8.43381
7.4096
7.99778
8.15826
8.39496
7.01598
7.33398
7.44223
8.56098
8.36348
8.98982
8.01218
8.27227
8.23652
8.41482
7.77511
7.63341
8.12168
8.3078
7.70592
8.04732
8.04933
8.44029
8.70776
7.53704
7.59779
8.12829
8.07122
7.24469
8.7025
7.0818
7.30195
7.74838
8.29427
8.86936
8.97657
8.49155
7.53787
7.07456
8.53796
8.5867
8.33069
8.33145
7.65158
8.21803
8.93721
7.50501
7.30224
8.03418
8.68731
8.08156
8.07827
7.27548
7.62878
7.26958
7.03744
8.30873
8.23219
8.64338
8.6489
7.69604
8.64411
7.70745
7.68778
8.15768
8.68788
7.95503
8.59313
8.1108
7.42238
8.0822
7.23008
7.80022
7.98944
8.13141
7.52278
7.55926
7.98299
7.14697
7.09464
8.30851
7.98761
7.32715
8.91021
8.73495
7.21612
8.73975
8.99338
8.32987
8.25913
7.6418
7.42501
7.8479
7.95375
8.52462
8.46745
7.88776
8.29924
7.14955
8.47812
8.40489
7.14239
7.32474
8.22431
7.01825
8.33666
8.24676
8.25996
8.22102
8.71594
8.65367
7.87088
7.04436
8.22799
7.11327
7.92566
7.2901
7.52002
7.63039
8.4347
8.45762
8.49562
7.51676
7.28937
7.83651
7.69205
8.01872
7.91861
8.09533
8.76656
7.38553
7.02044
8.56783
7.20627
8.14827
8.74413
8.66267
8.08271
8.05111
8.494
7.12429
8.55073
7.75034
7.07366
8.03122
8.34637
7.70759
7.13865
8.28557
8.91267
7.87147
8.10189
7.45411
7.77096
8.4681
7.29899
8.71521
7.0898
8.88238
7.92971
7.56426
8.69136
8.63144
7.93662
8.8927
8.76826
8.43921
8.3787
7.5976
8.94035
8.28798
8.60542
7.72892
7.62606
8.93118
7.81792
7.73915
8.983
8.26863
8.13989
7.57073
7.44362
8.65778
7.44871
8.00933
7.68723
7.79577
7.6544
8.56812
8.04973
7.6984
7.19897
7.74763
7.50228
7.19973
8.75936
8.50429
7.92432
8.80807
7.04329
7.95047
8.94486
7.15676
8.71947
8.93172
8.32926
7.55157
7.2339
8.52276
7.58793
7.19696
8.28782
7.9684
8.95783
7.51446
8.26024
7.92076
8.67588
7.74973
7.98239
7.48099
7.77085
8.22167
8.54847
7.44261
7.35931
7.18273
8.90059
7.16609
7.42031
7.61531
7.66793
8.69018
8.04912
7.05293
7.06832
8.45785
8.693
8.65227
8.98396
8.77928
7.04558
7.88846
7.85722
8.97672
8.34923
8.33931
8.58873
7.16975
8.96055
7.1788
8.68483
7.11985
7.22846
7.48496
7.0015
8.20983
8.00322
7.00251
7.08993
7.62233
8.79195
8.60509
8.10097
8.4974
8.67005
8.19531
7.11241
8.70823
8.31277
8.74411
8.16591
8.92972
8.51653
8.90411
8.86476
8.03561
7.40914
8.60727
8.87433
8.94275
7.59224
8.19881
7.50278
8.40067
7.25128
8.06157
7.87235
7.06318
8.44157
8.59048
8.31216
7.06231
8.6814
7.40524
8.79826
8.54509
8.48694
8.09116
8.42818
7.37723
8.53595
8.43521
8.06746
8.90074
8.33058
8.2211
7.99217
8.24074
7.0246
8.27429
7.78615
7.48734
7.64009
7.43214
7.19046
8.46362
7.25457
8.1539
7.60449
7.47904
7.08204
7.81654
8.76717
7.91605
8.76595
7.018
7.19833
7.94709
7.30361
7.13304
7.29258
8.29585
8.02665
7.60644
8.12542
8.05342
7.42588
8.43835
8.41502
7.18372
7.45006
7.41524
7.29712
7.38467
7.74246
8.72191
8.06306
7.21711
7.5153
8.96077
7.59037
8.94643
8.54293
8.51785
7.8051
7.07008
7.57605
7.73447
8.85969
7.16147
7.72383
8.63624
7.05146
8.18065
7.40942
8.86153
7.61247
7.96117
8.19377
7.58978
8.77992
7.49968
8.43443
7.4049
7.49683
8.21238
8.35259
8.16711
7.71264
7.12108
8.72455
8.5496
8.70038
7.02511
8.12937
8.82365
8.48814
8.96009
8.51516
8.53795
7.4404
7.3263
7.55355
8.2992
8.8405
8.63104
7.07836
7.09258
8.49558
8.07757
7.1201
8.55985
8.96989
7.91348
7.40473
8.72767
8.32278
7.03656
8.83128
8.78935
7.0933
8.19795
8.88161
8.27708
7.09108
7.78012
8.64855
7.7339
8.99861
7.83109
8.62022
7.98402
8.31143
8.09906
7.53726
7.18148
7.69337
8.06404
8.72178
8.52213
8.1189
7.75459
8.51636
7.19904
8.24464
7.01435
7.41129
7.41099
8.68397
8.45616
8.75383
7.12566
7.48793
8.08965
7.41977
7.12217
8.1981
7.76784
7.70095
7.02318
7.3598
8.29097
8.07782
7.03031
7.23105
8.94527
7.6038
8.96704
7.46923
7.46144
7.58805
8.36743
7.46996
7.43381
8.65762
8.42016
7.36673
8.64136
8.43088
8.19483
7.28009
8.415
7.03265
7.83558
8.89302
7.81692
8.75024
7.28016
8.62068
8.38141
8.92503
8.99765
8.54226
8.06815
8.82989
8.8902
7.90694
8.02627
7.35327
8.90443
8.93812
7.03895
8.17332
7.87994
8.07564
7.23296
7.25857
7.78646
8.12637
8.61191
8.12589
7.29688
8.67849
7.77209
8.58455
8.91115
8.17137
8.83305
8.79871
7.36608
7.91353
7.35785
8.29629
8.09343
8.37967
8.27034
8.31414
7.60608
7.25017
7.18213
7.59329
8.85722
7.59393
7.68695
8.0881
8.01296
7.37312
7.29647
8.13288
8.86815
8.58489
8.2882
8.17977
8.8362
7.66194
8.36259
8.26204
7.6745
7.31328
8.36043
8.79132
7.80337
8.80477
7.59783
8.14869
8.84188
7.70577
8.08134
8.04461
7.28015
8.00617
8.6351
8.18505
7.01365
7.14959
8.48374
8.79445
8.00546
8.69477
8.43739
7.58069
7.56731
8.26655
7.77191
7.02542
7.45152
7.20963
7.4023
8.2912
7.26698
8.84711
7.01538
8.34093
8.6003
7.01889
8.26876
7.25032
7.11027
7.03592
8.18863
7.78246
7.85879
8.51172
8.65144
7.94137
8.25957
8.16535
8.61935
7.6187
8.74061
7.38263
8.03542
7.80899
8.66427
7.22135
7.06602
8.83493
8.92986
8.22552
7.97722
8.6489
8.40849
7.95495
7.58712
8.1113
8.64014
8.95873
7.58669
7.0526
7.81374
7.16624
8.11567
8.90663
7.28767
8.01739
7.12772
7.55285
7.30035
7.30508
8.40687
7.72674
7.71232
7.72677
8.36302
7.19953
7.38365
7.15868
8.87841
8.68359
8.2865
7.61713
7.63454
8.54435
8.23098
8.49634
8.54491
8.34599
7.0312
7.69919
8.9905
7.11675
7.55617
8.04465
8.31429
8.31106
8.43937
7.26712
8.06031
8.9491
8.76049
7.4727
8.45858
7.1562
8.18475
7.52066
8.75313
7.06433
8.56283
7.5149
8.28776
7.12358
7.95792
7.98846
8.78009
8.83547
8.21384
7.41753
8.13601
8.96014
7.54357
8.13774
8.28894
8.21616
8.31517
7.38848
8.28759
7.10323
8.0428
8.93379
7.12268
7.33483
8.85601
7.92529
8.40225
7.96495
8.40778
8.65822
7.50569
7.83557
7.76812
8.77653
7.21324
8.84454
8.54913
8.29728
8.7189
8.20892
7.49248
8.21807
7.85572
7.22714
7.76381
8.12572
8.02798
8.81827
8.73152
7.10194
8.01024
8.14296
8.72011
8.82238
8.60487
8.83722
8.18267
8.54711
8.4749
8.34468
8.28398
8.7911
8.28794
7.37163
8.79639
8.61244
8.15125
7.02889
8.64285
8.38693
8.47254
8.09235
7.504
7.33519
8.05222
8.42816
7.25277
7.63244
7.63473
7.6831
8.92078
8.22708
8.55301
8.04904
8.91737
8.61993
7.9731
8.79706
8.69866
7.93557
8.74696
7.32879
7.43841
7.3842
8.4192
8.838
8.12688
8.37042
8.03521
8.41151
8.09428
8.26873
7.71924
8.91396
8.21662
8.94559
7.15929
7.02286
8.4142
7.05168
8.68861
8.6727
7.02455
7.05882
7.62311
7.96739
7.31445
8.31332
7.54823
7.65762
8.17922
8.16994
7.18494
8.12159
7.01648
7.36263
7.4465
7.87565
7.8613
8.3996
8.51729
8.4876
7.22716
8.18305
8.916
7.02834
8.14663
7.82855
7.73601
7.40122
7.99381
8.93506
7.45956
8.80949
8.6032
7.35538
8.08348
8.71384
7.7477
7.69924
8.5848
8.19493
8.85187
8.94483
8.00024
8.10567
7.19895
7.7179
7.47947
7.06683
8.10408
7.97938
7.04765
7.73376
7.47949
8.51126
8.78958
8.15471
7.08385
7.00061
7.86231
8.04809
7.95953
8.97894
8.78818
7.94445
8.19837
7.4263
7.23519
7.44241
7.78218
8.47631
8.2863
7.28768
7.68076
7.4921
8.64512
7.56944
8.58101
8.29397
7.55108
7.06144
8.32481
8.65278
8.46574
8.32443
8.52385
8.23233
8.53471
8.92885
8.93171
8.61494
8.71744
8.39964
8.75698
8.64367
8.73456
7.47164
8.38465
8.96653
7.98963
7.04029
8.98752
7.48527
7.37799
8.21187
7.57848
8.76244
8.20105
7.35449
7.72956
7.43846
7.14053
8.21827
7.33078
8.82903
8.44276
8.09619
8.10343
7.53063
8.55381
7.75808
7.80349
8.04071
8.41301
8.01788
7.23275
8.89638
7.97297
8.6052
8.51821
8.39405
7.32603
7.16621
7.24309
7.79973
7.6961
7.58985
7.64267
8.20521
7.53776
7.14458
7.24152
7.33316
8.49896
7.80253
7.3014
8.92842
8.20578
8.32601
8.73342
8.34988
8.99945
8.6991
8.49917
8.60433
7.94032
8.34632
8.02505
7.34558
7.67461
7.43827
7.35625
8.02016
7.0924
7.868
7.07415
7.65121
7.52551
8.12194
7.31568
8.3377
8.15634
7.6505
8.08747
8.20103
7.2497
7.95885
7.85281
7.26795
8.73562
8.1566
7.23861
7.68176
7.46844
7.82575
8.50768
7.60454
8.9546
7.06157
8.65385
7.75725
8.7413
8.23031
7.13219
7.93048
7.08226
7.66511
8.27922
8.22186
7.41641
7.6102
7.95758
8.04056
7.80785
7.89381
7.65473
7.49247
7.17721
7.41228
8.49261
7.47318
7.42348
7.0044
8.50813
8.02448
7.69201
8.95489
7.90632
8.35423
7.82671
7.67367
8.5224
8.69547
8.12294
7.57284
7.48513
8.32128
7.3946
8.22964
7.99931
8.11749
7.65121
7.11
8.99964
8.5732
7.41046
7.70042
7.2408
8.35232
8.91258
8.02666
8.76082
8.50595
7.47201
8.25512
8.12041
7.91225
8.19766
7.2083
8.836
8.9581
7.35927
7.76021
7.85116
8.93578
7.68355
8.24001
8.18187
7.89702
7.91923
8.70189
8.03705
7.06849
7.86335
7.99348
7.66459
8.07005
7.16294
8.38036
8.17586
8.0006
7.89047
7.39787
8.98994
8.54553
8.75342
7.80156
7.76155
7.72305
8.04839
7.39556
8.89043
8.90217
7.36788
7.19222
8.55459
8.35139
8.08156
8.21151
8.99853
7.64385
8.2552
8.34238
7.23952
7.71814
8.26406
7.94146
7.21696
8.67909
8.09437
8.61515
7.27778
7.34763
7.71811
7.75825
8.47782
7.36241
8.02636
8.56328
8.6838
7.8411
8.60201
7.79063
8.53696
8.68401
8.0381
8.5503
8.16789
7.41303
8.56593
8.80652
8.22501
8.58343
7.68123
7.10104
7.29762
7.44726
7.07569
8.14581
7.56134
7.81972
8.16859
7.4018
8.83342
7.76617
8.0103
8.76681
8.21367
7.27616
8.89426
7.85777
8.41952
8.54196
7.09917
7.16863
8.29865
8.78846
8.37165
7.61303
7.87781
7.25743
7.2652
8.78538
8.45451
8.30826
8.29507
8.93391
7.57524
8.18773
7.38323
8.62779
7.52019
7.29465
7.31699
7.41261
7.71273
7.93196
7.04749
8.64538
7.46189
7.04678
7.46069
7.54269
7.38307
8.71365
8.29435
8.52578
8.56491
8.02813
7.05195
7.56448
7.19266
8.52006
8.96246
8.81088
7.16999
7.16143
8.03039
7.67825
7.75063
7.93417
7.7335
8.44875
7.96759
8.43748
8.86844
8.37537
8.85486
7.30469
7.2748
8.26423
8.26313
7.06711
8.30677
8.04012
7.60603
8.98838
7.96938
8.59029
7.57712
7.88836
7.79846
7.79363
8.39698
7.35752
7.27557
8.20743
7.38956
7.71277
7.26201
8.70422
8.20126
8.75807
7.29054
7.88511
8.46466
7.56409
8.63752
7.61328
7.7792
7.73358
8.16462
8.92203
8.63349
8.35444
8.77501
7.90061
7.98525
7.95145
8.69301
8.77705
7.30083
8.59347
8.79234
8.11899
8.55171
7.80311
8.18015
8.16763
7.81482
7.1139
7.79644
8.8389
8.01315
7.94949
8.25672
7.7261
7.35335
8.51451
7.61995
8.71363
8.50077
7.02263
7.66555
7.07654
7.33386
7.85115
8.5133
8.54763
8.80804
7.5744
8.50684
7.21757
7.80834
7.99394
8.73671
8.81116
7.49644
8.95832
7.78147
8.78025
8.29045
7.17091
8.84244
8.79368
8.25832
7.89502
7.08844
8.78879
7.77473
8.02728
7.95591
7.11539
8.27847
7.84759
8.26183
7.72123
8.02636
7.61
7.53187
7.71883
8.18397
7.17646
7.10729
7.20862
7.28322
7.80006
8.73136
8.23456
7.21812
7.5378
8.45408
7.39353
8.86492
8.79352
8.39763
7.87929
7.07933
7.68548
8.42557
8.46583
7.75724
7.50417
7.68093
7.66281
8.43264
7.12141
7.43185
7.10656
7.4127
7.51973
8.65563
8.20997
7.92032
8.21212
8.73252
8.33992
7.72611
7.23976
7.4092
8.1839
8.19014
8.74394
8.61493
7.29927
8.0249
8.76084
8.46552
8.11239
8.62737
8.73866
8.68867
8.94007
8.75032
8.41562
7.2864
8.65371
7.95643
7.8256
8.1304
7.79964
8.06864
8.40091
8.86773
7.42509
7.39178
8.20843
8.66145
8.49642
7.20412
8.58405
7.43282
7.29337
8.25929
8.86446
8.9973
7.33982
7.5626
7.55824
8.0111
7.31864
7.96565
8.10885
7.11201
8.24557
8.43898
8.28621
7.63687
8.32767
8.86947
8.65745
8.68225
8.46605
7.12007
8.06393
8.81035
8.47766
7.51242
8.01519
7.31397
8.1272
8.97368
8.91218
7.6851
7.73796
7.14878
8.44284
7.42887
7.71408
8.08741
7.17037
7.1403
7.20116
7.74847
8.64082
7.97336
7.60876
8.12599
8.84887
8.36187
7.36822
7.38061
7.23361
7.12511
8.06285
8.90841
7.87938
7.7774
8.27041
7.0253
8.71282
8.14697
8.03831
8.28314
7.95406
7.48365
8.24093
8.08374
7.92789
7.36588
8.37086
8.02977
8.97739
7.0402
7.15294
7.04337
8.37888
7.51517
8.67363
8.07079
7.50158
8.07829
7.91677
8.75748
8.81991
8.58138
7.87772
7.60521
8.76725
7.03419
8.11833
8.56732
8.61058
8.89677
8.40216
8.34665
7.14287
8.98743
7.44114
8.12993
7.81784
8.08751
7.47773
8.44043
7.34357
7.82565
8.19692
8.54124
8.61698
8.86044
7.67976
7.93227
8.20087
8.15064
7.81358
8.42818
8.73281
7.41072
8.19833
7.59872
8.35862
8.581
8.16379
8.83731
7.42879
8.7719
7.90161
8.40047
8.35724
7.20977
8.36663
7.62659
8.46878
7.08522
8.83287
8.32839
7.3055
8.18494
7.5699
7.16829
8.1387
7.87101
7.75492
7.63715
8.01093
8.37999
8.93519
8.41298
8.11783
8.7905
7.65971
8.26029
7.83131
8.50517
8.83282
7.80066
8.49785
8.99331
7.21643
7.3803
8.43583
7.71919
8.52456
7.2585
7.68495
7.6727
8.38879
7.52976
7.23375
8.73442
8.82877
7.17236
8.45186
7.37583
8.56719
8.45455
8.16817
8.59709
7.73414
7.96326
7.83035
8.53314
8.67484
8.14753
7.59208
7.0603
7.49752
7.84289
7.42101
7.72694
8.57583
8.81774
8.81047
8.45325
7.31637
8.05363
8.53606
7.76129
7.31753
7.35395
7.48793
7.65489
8.22531
7.76443
8.06577
7.47888
7.82729
7.38336
8.38485
8.88851
8.84936
8.35518
8.92095
8.29093
8.32595
7.28006
8.89039
8.0798
8.81462
8.80522
8.22829
8.60813
7.40798
8.22929
7.45785
7.90588
7.8175
8.96019
7.77063
7.724
8.88522
8.52672
8.59215
8.34272
7.04451
7.66373
8.14921
7.39596
8.35411
8.14217
8.82372
7.52813
7.79226
8.3321
7.74404
8.10506
8.18955
7.40972
7.96106
7.47089
7.48968
7.06546
7.4164
7.39645
8.14948
7.77017
7.48282
8.40875
7.21219
8.03889
8.90105
8.81274
7.67356
7.28341
8.50343
7.74442
8.29011
8.38287
7.39351
7.7416
7.03749
7.38158
8.48874
8.48448
8.63517
7.20931
8.61207
7.29578
7.20079
7.78954
7.91488
8.63355
8.58909
8.45801
8.4997
8.08792
8.90926
7.89552
7.99259
8.7872
7.46819
8.63526
8.49702
7.67917
8.2319
8.61913
7.55367
7.87215
8.38688
7.61429
7.42893
7.94757
7.08612
7.63595
7.8059
8.82768
8.07793
7.77353
8.05731
7.47109
7.13476
7.65309
8.42035
7.99328
7.98824
7.8766
8.45355
8.43169
8.7236
7.87328
8.9842
8.86394
8.84138
7.12515
7.49583
8.61723
7.41973
8.7133
8.65898
7.501
7.38606
8.76972
8.99935
8.95519
7.58414
8.81042
7.72941
7.71549
8.66686
7.47786
7.25898
8.33723
8.75282
7.92632
8.62368
7.01174
7.22409
8.31874
8.74635
7.64305
8.99127
7.56307
8.38684
7.87913
7.35203
8.50074
8.93089
8.14765
8.48704
8.57005
8.6977
8.15929
7.56222
7.38018
8.83875
7.31131
8.67397
7.13379
8.49279
7.71359
8.97825
7.94447
8.09465
8.87062
7.1183
8.26473
8.60915
7.29293
8.88103
7.3659
7.77289
8.20654
7.51726
8.04178
8.48482
7.81665
8.11558
8.25844
8.84806
8.93712
8.26855
7.61643
7.96559
8.35756
7.18354
7.43164
8.26265
8.11124
7.78451
7.3488
7.89563
8.16448
8.63775
8.00951
7.62797
8.85395
8.08391
8.16055
8.41154
8.04279
8.09045
7.19179
8.17032
8.036
7.18978
8.28575
8.09646
7.55132
8.52228
8.769
7.40023
8.27741
7.11424
8.15505
8.86187
7.01848
8.01678
7.12809
7.04033
7.56719
7.99454
7.96026
8.62415
7.77811
8.27911
8.26408
8.1712
8.26161
8.96465
7.97416
8.40885
8.75925
7.85815
8.83765
7.16035
8.07485
8.23817
7.75651
8.10284
8.1042
7.06953
8.26039
7.61794
8.76704
7.17408
8.6034
8.04495
8.19786
8.8592
8.04334
7.93441
8.09493
7.38535
8.50508
7.30933
8.26037
8.14094
7.33189
7.15545
7.81494
7.4056
8.35502
7.0156
8.82044
8.90489
8.38801
8.85515
8.32616
8.60057
7.14454
8.7938
8.17794
8.59657
8.02897
7.30068
7.991
7.03195
8.21055
7.00789
7.9212
7.33528
7.70604
7.06296
8.75943
8.77506
8.76465
8.75592
7.46849
7.10487
8.47941
8.16393
8.01869
7.58103
7.2678
7.66346
8.14017
8.64958
7.09168
7.6283
7.2152
7.77333
7.60031
7.25654
7.75711
8.80373
8.86159
7.56075
7.03378
7.10023
7.34206
7.8141
8.63078
7.08138
8.68526
8.43966
7.31895
8.5415
8.88067
7.72869
8.12707
8.45918
7.66592
7.86275
8.78389
7.07755
7.27695
7.82793
7.5473
8.90444
7.82629
7.82847
7.22606
8.04207
7.13356
8.9405
7.94199
8.10631
7.44644
7.59878
8.43095
8.8109
7.20079
7.9042
8.32955
8.23245
7.25287
7.80511
8.19326
8.01734
7.6103
8.97463
8.58427
8.40021
7.44304
8.70642
8.03042
7.8688
8.12659
7.15178
8.89888
8.16573
8.11891
8.83146
7.37725
8.26478
7.527
8.59551
8.22674
7.85178
8.05394
8.53982
8.63549
7.37263
8.94874
7.76074
7.73298
7.74753
8.90136
8.10115
8.95971
7.69496
8.30877
7.56181
7.24688
8.60627
8.62736
7.43286
8.80252
7.52797
7.88172
8.35384
8.42571
7.84339
8.45209
8.80456
7.4293
8.04451
8.89711
7.16489
8.77715
8.75532
8.12921
7.04393
7.78939
7.69088
8.47927
8.37618
7.05988
8.88312
7.5314
7.77014
7.33183
8.7248
8.08348
7.54471
7.17549
7.53758
7.05937
7.74609
7.5044
7.2871
7.10332
7.21323
8.27786
7.23152
8.84265
7.74834
8.68074
8.58756
7.05908
8.11849
8.67982
8.44023
8.49604
8.77407
8.47737
7.15927
7.91881
8.89893
8.99247
8.15719
8.83572
8.55304
8.67622
7.51559
7.47175
8.18591
8.77993
7.99433
8.56167
8.36968
8.63281
7.00732
8.00432
7.26421
8.05379
8.03055
8.46316
7.50471
8.92611
7.33172
7.85456
8.81837
7.38438
7.65843
8.51934
7.23502
7.61727
7.58062
8.54071
8.50734
8.24044
7.298
8.81302
8.21474
7.98886
8.41364
8.57997
8.57707
8.46422
7.68932
7.99277
7.99952
8.09495
8.25109
7.13528
8.19306
7.69419
7.92906
8.59732
7.38825
7.21103
7.14956
8.50827
8.15736
8.55331
7.6471
7.81409
8.83869
7.07436
8.71135
8.99414
8.42298
8.9641
8.2627
8.79917
8.91169
8.96474
8.22981
8.64705
8.11315
7.99874
8.53875
8.65603
8.73828
7.9327
7.01328
7.88415
7.75678
8.21168
8.43826
8.0255
7.70299
7.69019
7.7094
7.52084
7.20314
7.13681
8.68785
8.4571
8.716
8.08954
7.32937
8.10558
7.43524
7.59062
8.76971
7.53993
8.71955
8.85058
7.83952
7.79618
8.28561
7.4087
7.76034
8.67385
7.39294
8.73219
7.65358
8.24006
8.70433
7.98751
8.5939
7.52057
7.25659
7.77712
8.62404
8.31245
7.35894
7.5746
7.99606
8.89814
8.07161
8.04339
8.04633
8.99075
7.66808
8.10978
8.02809
8.61812
7.43465
8.9503
8.55274
7.05822
8.083
8.97293
8.94462
7.70429
8.2964
8.43923
7.86679
8.87248
8.699
7.52116
8.43515
8.63856
8.58708
7.00373
8.25378
7.32568
8.5109
7.47225
8.55201
7.16363
7.53119
8.55448
8.65737
8.22889
8.99422
7.76026
7.36178
7.27813
7.66605
8.66958
8.76086
7.62672
7.2249
7.88654
8.88095
8.12005
7.78087
8.13648
7.10595
7.16655
8.83327
7.78782
7.87831
7.4207
7.17289
8.91489
7.50195
7.34546
7.68671
7.3398
7.59332
8.84542
8.58452
7.21697
8.19963
8.84133
7.4268
8.45203
7.12553
7.20205
7.65058
7.09285
8.9025
7.15847
8.23486
7.65562
7.7499
8.18081
7.91096
8.96492
8.25457
8.79642
8.04832
8.42443
7.64499
7.23837
8.75807
8.17579
7.40054
8.86968
7.77677
7.9632
7.88419
8.91881
7.61886
8.23411
8.51756
7.18108
8.62042
8.47951
7.46888
8.82022
7.56696
8.40886
7.00171
8.30038
8.05727
7.19641
8.82762
8.43343
8.6694
7.97286
7.59866
8.46741
8.74355
8.55355
7.41781
8.67431
7.80185
7.7057
8.81822
7.4912
8.39536
8.88779
8.22176
7.48285
8.81343
8.55091
8.81712
8.6049
7.8893
8.11798
8.83783
8.34436
7.4371
7.97294
7.75258
7.54197
8.21881
7.26867
8.00828
8.33027
7.42827
8.03072
8.33682
7.15959
7.42984
7.45224
7.47572
7.22403
8.93549
8.84458
8.49966
8.38896
7.89598
7.80679
7.07248
8.33297
7.26396
7.85203
8.5578
8.31139
8.41322
8.9076
8.81121
8.53111
8.98991
7.52271
7.46231
8.22124
8.59412
7.13907
7.3943
8.63734
8.236
8.08977
7.17772
7.135
7.53726
8.41525
8.23647
8.58763
7.24167
8.63815
8.02509
8.5596
7.60718
8.04771
7.99319
7.14566
7.33987
7.37709
7.55704
7.42155
7.7602
8.26166
8.94682
7.32229
8.58684
7.99934
7.39239
7.70829
7.95156
8.53512
7.36583
7.92275
8.48383
8.42325
8.56596
7.56915
8.42198
7.32187
8.9662
8.02178
7.63511
7.40518
8.39361
7.11802
8.96681
8.34369
7.48884
7.08097
8.50923
7.72714
7.90282
8.81361
8.27039
7.40324
8.62553
8.87353
8.33141
8.82556
8.43825
8.69579
7.98881
7.50302
7.4521
8.34086
8.7852
8.98595
7.08408
8.80021
7.5146
7.76802
7.12196
7.23257
7.40809
8.498
7.55795
8.76595
8.47476
7.36538
8.64894
8.92311
8.22183
7.92991
7.68327
8.54138
8.10366
7.54122
8.09891
7.67334
8.94156
7.84581
8.59929
8.76957
8.41947
8.44894
7.66896
7.55674
7.1789
8.82223
8.75718
8.8068
7.06555
8.93034
8.62982
8.87413
8.01812
8.74124
8.15853
7.15044
7.66311
8.16221
7.00848
7.15164
7.40578
7.7365
7.75582
8.79162
7.11203
8.07697
8.44379
8.27178
7.50788
8.73375
7.48343
8.98409
8.67933
8.20091
8.53378
7.46023
7.97594
7.25902
7.51108
7.56052
8.43789
8.48614
7.7987
8.38559
7.02314
8.02341
7.19258
8.98673
8.60162
8.25003
7.67344
8.85729
8.79695
8.9621
8.86791
8.79519
8.4247
7.10404
8.89509
8.05684
7.32203
7.64125
8.33367
7.86764
7.35282
7.88049
7.31387
8.09544
7.43812
7.50739
7.54971
7.30484
7.71848
8.32496
8.16126
7.61336
8.64101
7.66117
8.46613
8.88461
7.03997
7.30099
7.20458
7.76831
8.78254
7.97506
7.41724
8.33964
8.9006
8.80603
8.54365
8.75449
7.87177
7.61526
7.81986
7.70406
8.34054
8.01672
7.53833
7.71308
8.66119
8.94814
8.15368
7.64485
7.15458
7.61494
7.37918
8.72089
8.7431
8.70067
7.43194
8.45705
7.18178
8.77589
8.51991
8.97202
8.0308
8.2249
7.56352
7.10561
8.49128
8.82231
7.73101
7.02815
8.57497
7.78574
8.83999
7.19871
8.99624
7.19456
7.29774
7.92063
7.9417
8.33459
8.21999
8.85574
7.8676
7.88533
8.6473
8.92083
8.89975
7.19639
8.64782
7.85732
8.67621
7.90762
7.8636
7.02261
7.54553
8.1603
7.99402
8.54074
8.68523
8.13321
7.33699
7.25858
7.29998
8.87141
7.04347
7.42611
8.05269
8.60633
7.14145
7.56035
7.92272
8.2452
8.45768
8.52062
8.39684
7.17295
8.0416
8.52053
7.84985
8.397
8.19085
7.949
7.6133
7.14787
8.5581
8.68269
8.10844
7.7747
8.35648
8.42757
7.81035
8.55033
7.52273
8.16637
8.39492
7.67564
8.78839
7.73644
7.32599
7.13278
7.07267
7.46564
7.99034
7.94484
8.07703
7.86824
7.95012
7.32616
8.2765
7.71151
8.12438
8.75222
7.68716
8.52004
7.94
8.64851
7.04512
8.90494
8.81363
7.57517
7.4676
7.24842
7.19471
8.47777
8.96492
8.97771
7.91057
7.42574
8.10177
7.4874
8.60093
8.51447
8.54556
8.61603
8.33026
8.94018
7.74122
7.30832
7.07947
8.94107
7.41948
8.48935
8.63252
7.80249
7.14305
8.75052
8.38805
7.48069
8.53728
7.71292
8.44612
8.27787
8.38698
7.90244
7.30942
8.02311
7.25714
8.82014
7.87044
7.94913
8.01749
7.63466
8.42132
8.77039
8.11679
8.37436
8.86889
7.00538
8.3312
7.0273
7.86801
7.79756
8.82007
7.37968
7.98178
8.45593
7.79872
7.7703
7.85623
8.57145
7.41704
8.27057
8.69405
8.09357
7.11593
8.22068
7.50973
8.35069
8.64559
8.7912
8.43701
7.43625
7.82398
8.35149
7.64321
7.78434
8.45558
7.55691
7.29742
8.27112
8.65617
8.63275
7.1781
8.13524
8.43031
8.98365
8.4029
8.31736
8.90017
7.58194
7.80844
8.27213
7.69374
8.63239
7.81968
8.05916
7.32398
8.43036
7.7376
8.54967
8.36014
8.01092
8.1633
7.67735
8.62346
8.6151
7.79175
7.60153
8.08628
7.80702
8.35805
8.69063
7.46915
8.62968
7.3021
7.65881
8.61029
8.36228
8.31118
8.39135
7.77844
8.73578
8.03264
8.58342
7.16601
8.24654
8.22971
8.28329
8.44939
7.56231
8.94094
7.4397
7.20714
7.19222
8.48821
8.34157
8.29039
8.98172
8.69547
7.60634
7.90769
7.4994
7.89826
8.0028
7.69226
8.13241
7.36498
8.84478
8.93626
7.17817
8.70565
7.31643
7.87428
7.4722
7.0722
7.23645
7.2057
7.41867
7.26716
7.67525
7.28982
7.45436
7.545
7.12239
8.26645
8.83805
7.32617
7.68095
8.27779
7.01013
8.4693
8.56475
8.64165
8.90029
8.92431
7.85158
7.03996
8.89013
7.8071
7.75862
7.59106
7.90822
8.03244
7.77945
8.921
7.39124
7.24763
8.4014
7.15447
8.9636
7.73719
7.56722
7.80124
7.2197
8.94165
8.12493
8.41244
7.86955
8.01902
7.23046
7.86546
8.59946
8.5228
8.25436
7.86097
7.24897
7.97865
8.85459
8.5686
7.08854
7.86932
8.21475
8.48249
8.95498
8.82969
7.35195
8.73133
8.9352
7.00208
7.0035
7.07749
7.16192
7.23271
8.27027
7.17781
8.79854
8.21724
7.7627
8.13667
8.71279
8.61258
7.17299
8.12612
7.06033
7.34371
7.11892
8.15727
7.08037
7.3353
7.07856
7.69092
8.58903
8.20324
8.08862
7.05803
7.56019
7.96411
7.58932
7.17677
7.77227
7.62225
8.16065
8.6228
8.76172
7.82999
8.76299
7.07584
7.25619
8.65604
7.75642
8.40962
7.76763
8.44368
8.91169
7.9799
7.9124
8.75937
8.4208
7.9625
7.23968
7.77221
7.42846
8.67355
7.35272
8.30846
8.38002
8.76176
7.31866
7.8454
8.75652
8.05536
7.21414
7.85374
7.78608
7.66528
8.71899
7.25261
8.24643
8.923
7.20547
7.87849
8.1463
7.95962
8.12487
8.64653
7.08326
8.87949
8.94271
8.94522
8.79627
8.49915
8.23632
7.35165
7.12302
7.91601
7.32581
7.08672
7.44597
7.84005
7.17842
8.4966
8.76894
8.66088
7.98266
7.55025
8.9317
7.46841
8.64625
7.97308
7.07066
7.47072
8.898
7.22448
7.5248
8.68435
7.56248
8.39647
8.80891
8.91243
7.73203
7.96979
8.84667
7.09646
8.98228
8.36561
8.79065
8.89154
7.56245
7.97334
8.52379
8.38133
8.30689
8.58549
8.25959
7.31097
7.4173
8.48841
7.3844
8.74603
7.69446
7.43569
8.77884
7.31975
7.36708
7.03609
8.03173
7.15327
8.72932
8.60723
8.82277
8.18577
7.20704
8.76522
8.8294
8.26745
7.31009
7.5431
8.44834
7.25432
8.53364
7.10218
7.18305
8.50395
7.34804
7.59353
8.10119
8.35733
8.03874
7.06131
8.28067
8.76931
8.18949
8.97253
8.74185
8.46777
8.07239
7.11525
7.27425
7.13347
8.16794
8.64868
7.89723
8.30588
8.2752
8.15784
8.59155
8.34671
8.30681
8.1438
7.99081
8.26828
7.71537
7.61277
7.10303
8.22454
8.11818
7.9429
8.18775
8.00449
7.9315
7.19056
8.984
7.49027
8.00121
7.24656
7.71395
7.67959
8.13283
8.72468
7.37357
7.02034
7.66085
8.38404
8.48629
8.72896
7.64298
8.94006
8.48943
8.41916
7.26518
7.20081
8.45912
8.45652
7.94278
8.87549
8.98517
7.27034
7.83522
8.16333
7.35426
8.77699
7.66822
8.29487
7.00536
7.74591
7.73376
8.58859
8.87231
8.68024
7.13414
7.49369
8.56689
7.95604
7.72594
8.23402
7.11075
8.51713
8.81942
7.01129
8.43803
7.59033
7.33311
8.05851
7.70352
8.34936
8.70475
8.97377
7.70242
8.7005
8.03324
8.67129
7.15017
7.33949
8.66712
8.1801
7.72099
8.18341
8.51085
7.62692
7.54615
7.76127
7.90951
7.18878
7.62185
8.34046
7.25768
7.21023
7.69649
7.94749
7.55057
8.06594
7.31278
8.81771
7.48203
8.7479
8.64505
8.31919
8.88325
8.15945
7.10787
7.05406
8.43014
7.66745
8.07537
8.2691
7.99625
8.34972
7.15908
8.27003
8.68224
7.57589
8.94003
7.09001
7.46515
7.06669
7.9273
7.90605
8.19445
8.50369
7.3276
8.29349
7.83272
8.71468
8.40887
8.93208
8.37371
7.98123
8.24428
8.39581
7.68827
8.1926
7.00247
7.48535
8.37719
8.56214
8.41647
7.65022
7.06567
8.42496
7.86311
8.64181
8.5873
7.91307
7.76967
8.73613
8.34748
8.45976
7.28504
8.25986
8.1452
7.89298
8.22772
8.32488
8.71708
8.89336
8.58912
8.27779
8.79763
7.16055
8.23156
7.50225
8.27923
8.50653
7.08007
7.09654
8.034
7.92665
8.96479
8.25871
7.00536
8.57328
8.57605
8.26661
8.1291
7.56654
8.78698
7.91405
8.43531
8.84019
7.01926
8.3869
7.74667
7.05156
8.91762
8.8828
7.39068
8.55982
7.85342
8.76234
8.52518
8.59742
7.26
8.58549
7.3471
7.47866
8.45401
7.58266
8.89737
8.45001
8.55451
7.49518
8.64132
8.87502
8.87995
7.2173
8.06314
7.56139
7.15525
7.69099
8.81249
8.46199
7.68448
7.88544
8.89313
8.2999
8.63052
8.70999
8.85751
8.41884
7.92585
8.30126
8.55976
8.19219
8.65827
8.27486
7.18806
8.26154
7.45077
8.08141
7.27257
8.96355
8.00142
7.5993
7.33088
7.58327
8.34698
7.20817
8.06809
7.98659
8.81283
8.58244
8.9894
8.05515
7.35812
8.04775
8.75569
8.10007
8.79158
8.7205
8.54058
8.00765
7.84778
8.3232
8.5977
8.38315
7.68755
8.97909
7.2491
7.51851
8.7647
7.71574
8.10534
7.06385
7.5057
8.17868
7.60354
8.27338
7.61045
8.90313
8.16448
8.15174
7.16566
8.64348
8.00544
8.94598
7.19223
7.4562
7.04367
7.70099
7.05173
8.28133
8.61955
7.49543
8.81998
7.13794
8.41266
8.95117
7.04317
7.6581
7.69839
8.66031
7.22923
8.19441
7.19096
8.31437
7.95981
8.12888
7.00103
7.49497
8.4091
8.262
7.29649
8.21146
7.31474
8.76
8.05933
8.58475
8.36694
8.35169
8.87194
8.16989
8.42768
7.69381
8.15734
7.28907
8.74648
8.23372
7.91779
7.46998
8.07803
8.87047
7.84446
7.43343
8.03292
7.12903
8.06727
8.12241
7.28155
7.77761
7.53901
7.93615
7.20905
7.87989
7.5835
7.01818
7.77466
7.86352
7.36857
7.68906
7.11051
8.21936
7.67775
8.3473
7.04012
8.38757
7.21518
7.81279
8.07172
7.19419
8.26078
7.25031
7.24922
8.62073
7.83113
8.7233
8.97826
8.63479
8.18829
8.48292
7.32847
8.9894
7.09226
8.07604
8.6249
7.45069
8.63064
7.00518
7.29129
7.56471
8.09435
8.74616
8.93141
8.27948
7.34461
7.66727
8.46614
7.49685
7.20792
7.83117
8.68838
7.51574
7.44603
8.91783
8.35556
8.86199
7.88591
7.37128
8.12873
8.30762
7.57884
7.85023
7.55936
7.20639
7.99001
7.77172
7.46299
8.11239
7.16733
8.3095
7.00426
7.49923
7.84143
8.94885
8.25838
8.37511
7.52802
8.15333
7.14547
8.74432
8.75245
7.85896
7.21236
8.14627
8.53631
7.19195
7.07878
8.44354
7.2567
7.27839
7.87653
7.38005
7.0192
8.85021
7.36742
7.50664
8.88975
7.98409
7.41434
8.69083
8.38362
8.3055
8.53459
7.14866
7.92818
8.36738
8.43049
7.37393
8.4222
8.13205
7.97775
7.10527
8.49482
7.27241
8.98443
7.2091
8.63348
7.52813
8.32309
7.64895
7.94979
8.76535
8.05188
8.18816
8.04866
8.55276
7.87439
7.6704
8.27224
8.64883
7.7864
7.27372
7.53447
8.0724
7.61731
8.74092
7.66688
7.33611
8.76659
8.60258
7.50373
7.69798
7.15717
8.64884
7.22701
8.67072
7.15373
7.21927
7.68099
7.1911
8.31526
8.52086
7.52749
7.50588
7.99418
8.87098
8.84436
7.30829
7.85593
7.5968
7.75809
7.84153
7.73213
7.98767
8.86005
8.1035
8.53278
7.44555
7.50574
7.79628
7.11214
8.30009
7.02906
7.69172
8.32935
7.10862
8.94438
7.81625
7.37195
7.5017
7.64558
8.20088
7.62983
7.02918
8.89135
7.79029
7.62165
8.20438
8.45864
7.60141
8.04712
7.89046
8.3794
7.31572
8.85544
8.555
8.33543
8.50077
8.67862
8.38813
7.61785
7.55772
8.51845
7.84495
7.13536
7.07233
8.27415
7.52207
8.99156
8.12525
7.51982
8.87932
8.9477
7.25867
8.35119
7.40924
7.35983
8.7322
8.57169
7.02877
7.77653
8.35128
7.81677
8.82184
8.59568
8.50272
8.8861
8.09953
7.88985
7.79984
7.03496
7.53533
7.66928
7.61893
7.63586
7.87891
7.59142
7.01982
7.04847
8.42458
7.75584
8.96512
8.97586
8.24745
8.74786
7.02776
7.94562
8.97962
7.25491
8.96194
7.64769
7.19468
7.13191
8.5162
7.27054
7.20501
8.40112
8.46273
8.43095
7.32475
8.32418
8.70244
8.67465
7.38649
8.23434
7.5739
8.57939
8.56479
8.6134
8.79652
7.12233
8.66034
8.56712
7.92518
8.41186
8.5742
8.27083
8.87735
7.97763
8.35602
8.50343
8.95585
7.53926
7.28825
8.75638
8.06442
7.19075
8.30626
7.36972
8.6471
7.08194
8.77882
7.36897
7.21567
7.1616
7.15929
8.62985
8.57292
7.52144
7.79536
8.92185
7.59391
8.54309
7.87362
8.16926
8.01285
8.635
8.41991
7.05779
7.96898
8.16081
7.42487
8.84173
8.57927
7.56289
7.10841
7.74122
7.18004
7.29895
8.53111
8.41945
8.5749
8.09258
8.61463
8.23781
7.18713
8.30493
8.75235
7.21857
8.22474
8.74617
8.65226
8.55844
7.00705
7.20828
7.20104
8.13044
7.79151
8.80006
7.32281
8.8807
7.13801
7.5321
8.6326
7.30866
7.83
7.32705
8.10992
8.17456
8.71059
7.36281
8.49181
8.7155
7.71159
7.1634
8.3079
8.77958
7.23234
7.60174
8.17999
8.24389
8.71625
7.96636
7.84783
8.52031
8.70708
8.1033
7.1482
8.54982
7.19936
8.82211
7.86357
7.79938
8.35224
8.99261
7.33642
8.24099
7.52379
8.92856
8.63529
7.392
8.27825
8.54171
8.03321
7.21589
7.19236
7.72233
8.58317
8.68083
8.25717
7.98221
8.00096
8.635
8.56112
7.63163
8.93491
7.97151
8.84955
7.4062
8.72439
8.51594
8.91963
7.49798
7.78026
7.94589
7.34198
8.8742
8.39253
7.14063
8.24699
8.98787
8.9818
8.55576
8.83726
8.90749
8.49236
8.21541
7.26532
7.7207
7.16719
8.7549
8.09841
8.6205
8.76904
7.41776
8.92535
8.15518
8.89897
8.35146
8.5226
7.6688
7.65909
7.11515
8.10544
8.81138
7.05639
8.30265
7.3273
8.94906
7.39891
7.71451
8.83029
8.30343
8.21022
7.06587
7.10857
8.45231
7.4116
7.16288
7.33314
7.02422
7.22311
7.46813
7.14003
8.55505
8.4022
8.8486
7.28108
7.91116
7.59163
8.83302
8.49747
8.37586
7.80612
8.50017
7.20132
8.27371
7.78764
7.89734
8.93106
8.88014
7.87228
8.71317
7.44864
7.03725
8.60048
8.48841
8.51843
7.2379
7.01434
8.31259
7.71308
8.09873
8.81043
7.06089
8.46597
7.46954
7.89431
7.25599
7.78642
8.66491
8.06955
7.1243
8.82529
7.9736
7.41277
7.12297
7.7512
8.5569
8.45477
8.26862
8.13829
8.32696
8.72507
7.35556
7.03308
8.44239
8.79631
8.79187
8.86692
8.87203
7.25244
7.98952
7.57126
7.36707
8.30592
8.04174
7.20117
8.15358
8.31698
8.93754
8.47089
7.0166
7.04221
7.17475
8.53107
8.59856
7.85035
7.41211
8.54685
8.85596
7.93939
7.91565
8.98463
8.66587
8.86431
8.096
8.58954
7.66736
8.82847
8.75068
7.47644
8.45246
8.14144
7.3299
8.03317
8.30408
8.66853
7.96428
8.88967
7.46455
8.46853
8.20705
7.49329
8.23529
8.02755
8.77317
7.75642
8.97116
7.00158
8.23255
8.35098
8.87661
8.3984
7.25931
7.63785
8.34061
7.26555
7.33902
8.18853
8.05789
7.8812
8.53224
8.39942
8.68063
7.21404
7.93346
8.95263
8.54802
7.56578
8.66283
8.76107
7.07865
7.92405
8.92774
8.95724
7.21055
7.11686
7.80567
7.97801
7.3015
7.98362
8.31611
8.71039
7.26597
8.42924
8.80654
7.42862
8.45789
7.2547
8.70679
8.97849
8.88882
7.67476
7.28835
7.86097
8.08145
8.03264
7.76008
7.08793
7.31796
8.26609
7.60567
7.43187
8.19222
8.95945
8.66071
8.79614
8.89801
8.54702
7.96808
7.94507
7.33415
7.27355
7.81458
8.54563
7.89629
7.01864
8.02609
7.11061
7.93103
7.12658
7.36561
8.49149
7.55131
8.26673
8.6823
8.78035
8.04731
7.03527
7.69703
8.17579
7.14905
7.53293
7.70397
8.67397
8.45701
7.28782
7.50721
8.63318
7.87435
8.46132
7.77743
8.83649
7.33389
8.47026
8.42009
7.3906
8.08577
8.15449
7.44496
7.52085
7.67155
8.72702
8.72662
7.45343
7.95351
7.47966
7.6294
8.57491
7.11963
8.86663
8.03267
8.13466
7.39298
7.24666
7.36124
8.2343
7.4722
8.53623
8.59094
8.18291
8.98917
8.58868
8.74787
7.62738
7.41709
8.37703
7.63711
8.58854
7.88127
7.62185
8.00532
8.87806
7.04048
8.00724
8.0515
8.43323
7.54334
7.68638
8.69653
7.83974
8.46553
8.54118
7.17709
7.50795
7.64635
8.46097
8.77127
7.37237
7.39363
7.68037
8.23827
7.53588
8.00909
8.42419
8.76619
8.88579
8.98934
8.74466
7.87297
7.95252
7.88274
7.3953
7.37768
8.79132
7.78337
7.21239
8.69226
7.77413
7.57118
7.6253
8.4788
8.74485
7.69695
7.55574
8.54485
8.36639
8.29327
8.75771
7.98717
7.64834
7.3737
8.10155
8.11357
8.08255
8.61396
8.2065
7.83911
7.28882
7.73886
7.20564
7.42144
7.36732
8.88641
8.57242
8.80725
8.39778
7.47551
7.6816
7.5993
8.2639
7.99258
8.34122
7.57114
7.82876
7.49436
8.5165
8.31322
8.93026
7.46308
7.61997
8.68515
7.41207
7.59308
7.76159
7.82775
8.30036
7.03383
7.87516
8.79209
7.78859
8.33577
7.05906
7.76789
8.20649
8.47158
8.32981
7.31258
7.80421
7.55119
8.80632
7.6578
7.81082
8.69032
8.98386
8.76651
7.95521
7.06795
8.12445
7.59097
7.79688
7.1193
7.84116
7.10953
8.66518
7.76531
8.43846
8.50051
7.75434
7.82016
7.93244
7.58512
7.46678
7.89151
7.0783
7.41739
7.22217
7.11444
8.97764
8.38379
7.70557
7.9106
8.05558
8.55337
7.86807
8.8106
8.67199
7.08294
8.70063
7.45322
8.97969
8.79793
7.87793
7.83016
8.7356
8.71369
8.60001
7.27501
8.66154
8.02938
7.06307
8.96599
8.15081
7.97367
7.72226
7.50863
7.97665
8.82505
8.12618
8.49023
8.21182
7.97719
8.44575
8.97907
8.08406
7.67477
7.0307
8.85032
7.29492
8.22018
8.66108
8.14141
7.52392
7.50661
8.18714
7.42011
8.10144
8.9057
8.80768
7.00019
7.59895
7.342
8.40944
7.7682
7.96081
7.7369
7.09628
7.2082
8.90226
7.33336
7.25774
8.76913
7.21195
8.12221
7.35611
8.37596
8.72331
8.24664
8.15491
8.53183
7.17936
8.12385
7.49806
8.00747
8.08445
7.89355
8.42359
8.08504
8.22665
7.63114
7.90811
7.47667
7.4301
8.36074
8.50519
7.99146
7.68899
7.32309
8.55516
8.86856
7.85961
8.14667
7.98389
8.53762
8.81151
7.35711
7.39576
8.41342
8.84721
7.79023
8.90728
7.82538
7.20664
8.35469
7.2543
7.82796
7.6667
8.66622
7.61218
8.46117
7.86395
7.38336
7.29934
7.25411
8.08253
7.19855
7.95662
8.93061
8.00816
7.23164
8.63055
8.65668
7.21861
8.59079
8.17465
7.92236
7.2049
7.88157
7.04898
8.26606
8.5357
8.07492
7.77744
7.07559
7.05011
8.17238
8.34076
7.34755
8.15189
8.6056
8.1472
8.01935
8.67821
8.44935
8.30771
7.79949
7.75059
8.99794
7.27496
7.57871
7.58887
7.99384
8.73743
7.77744
7.58325
7.87559
7.9765
7.85076
8.91996
8.60263
8.19944
8.84612
8.10762
7.4499
8.95811
8.00903
7.52281
8.81887
7.24235
8.89526
7.07784
8.75813
8.11032
7.69625
8.77426
7.12008
8.16806
8.49144
7.54257
8.69455
7.21867
8.68538
8.12674
7.4852
7.95458
7.79297
7.1836
7.52888
7.49582
8.15642
8.65235
7.42126
7.96497
8.01608
8.0019
7.66796
7.01513
7.56195
7.11397
7.0844
8.60064
7.24741
7.66162
8.1313
7.24347
8.28942
7.16432
7.01643
7.66019
8.24586
7.51752
7.54708
7.40845
8.4079
8.90322
8.57143
7.10176
7.14206
8.2674
7.75462
8.06047
7.12579
8.95616
8.891
8.83815
8.57189
8.95003
7.08431
7.78428
7.10038
7.95372
8.11029
7.06097
8.82804
7.45701
8.19246
8.57887
8.75072
8.96587
7.61714
8.75231
8.37519
7.38675
7.96382
8.08057
8.77669
7.83589
8.8345
7.49099
7.1335
7.79976
7.65811
7.1948
8.84892
7.12985
7.6227
7.17523
8.70456
7.74123
7.82976
7.81741
7.15419
7.05679
8.04588
8.88958
7.41041
7.52207
7.59406
8.26585
8.97949
7.92005
8.81181
7.11641
7.5978
8.6281
7.64028
7.28538
7.25068
8.24678
8.34273
7.0038
8.64958
8.23964
8.38016
7.46901
8.7914
7.02494
8.86283
7.42584
8.22828
7.11705
8.52692
7.77301
7.14392
8.32988
8.68093
7.06517
7.22517
8.64966
7.35031
8.47193
7.57778
8.91743
7.85487
8.06898
8.71221
7.90424
7.36147
8.76483
8.5163
8.09079
7.52302
8.86679
8.33995
8.40904
7.50315
8.72347
7.67191
7.76212
8.54322
7.69571
7.52959
8.5902
8.21421
8.70671
8.74759
7.31408
7.44803
8.18954
8.57927
7.30005
7.84736
8.03672
8.11712
7.03702
7.50371
7.55054
8.13558
7.50683
8.13658
7.05378
8.03411
8.54984
8.35167
8.59151
8.73294
7.56061
8.09888
7.31669
8.47219
8.01449
7.27748
8.9236
8.26923
7.09005
8.60669
8.12831
8.41468
7.75737
7.10455
7.95853
8.83382
8.44353
8.27435
7.27297
8.4053
8.87916
7.18439
8.43175
8.98468
8.06082
8.22436
8.43028
8.84239
8.44511
8.3485
7.34332
7.20449
8.16109
8.69319
8.88126
7.29771
7.51438
8.69939
7.57934
8.86565
8.55996
8.62302
7.4536
7.55741
8.25061
7.21256
7.58899
8.31027
7.93548
8.42475
7.56813
7.149
8.84193
7.20045
7.57562
8.78563
8.69014
7.89348
8.59935
8.70746
8.80202
8.2607
7.98378
8.10885
8.84493
7.95358
7.74946
8.62414
8.3906
7.5637
8.74767
8.12228
8.67036
8.77289
8.92247
8.00478
7.78953
7.59716
8.33527
7.9922
7.94796
8.01162
7.26504
8.03278
8.67287
8.11076
8.4326
7.98195
8.53857
7.05843
7.0606
7.3659
7.17028
8.39842
7.71198
7.25744
8.05536
8.71826
8.25326
8.18851
7.13862
8.87428
8.06792
8.44986
8.89775
7.84992
7.04935
7.43448
8.614
7.03107
8.23353
7.33708
8.77421
7.64843
7.57222
7.81189
7.73915
8.00002
7.31112
7.94566
8.59643
8.92855
8.24163
7.31386
7.82092
7.46472
8.87501
8.82926
8.97353
8.78642
7.64404
7.04392
8.52946
8.90809
8.47828
8.43148
7.74469
8.07203
8.6487
7.47976
8.07316
7.08526
8.12513
8.22202
7.51917
7.25388
8.35754
7.64837
8.15717
7.6386
7.77417
7.98781
8.36216
7.84251
7.59982
7.29997
7.05136
8.24823
7.21471
8.15731
8.02649
8.60265
8.19587
7.53068
7.51644
7.95972
7.56229
8.46207
8.17386
8.04022
8.39463
7.71004
8.58984
8.80903
7.57742
7.9053
7.88554
8.69663
8.86459
7.25673
7.91112
8.60436
8.53998
8.79106
7.20314
7.67085
7.12017
7.34322
8.59146
8.95084
7.61334
7.15538
7.86434
8.78399
8.75519
7.24012
7.56689
7.49476
8.01938
8.43081
8.91528
8.6069
8.27879
8.66167
7.90334
7.06452
8.16637
8.08955
8.60668
7.29343
7.89971
8.8346
8.79746
8.76871
8.34505
8.30563
7.05951
7.20383
8.99774
7.62379
7.87232
8.39147
7.84461
7.01697
7.6407
7.1414
8.52118
8.21356
7.44151
7.76984
8.11976
7.84173
8.02397
7.07971
8.60262
7.37928
8.69513
8.83921
7.21251
8.08816
7.15571
7.50035
7.89323
7.26767
7.2514
8.53169
7.50521
8.49439
8.44361
8.70244
8.61355
7.59985
7.58245
7.89952
7.43903
8.13581
7.97362
8.84518
7.10866
8.23207
8.71286
8.08088
8.31814
8.93457
7.91196
7.04318
7.85617
7.66846
7.72321
8.35834
7.44216
8.81363
8.95345
8.83713
8.33985
7.27868
7.48004
7.14874
8.50884
8.92656
8.61732
7.72259
7.01633
7.90456
7.0116
7.6989
7.97138
7.85581
8.91738
7.69321
8.40842
7.20122
8.20839
8.64548
7.75033
8.85972
8.14237
8.23688
8.42315
7.60904
8.7763
7.52046
7.94475
7.83312
8.04816
7.83991
7.49283
8.6284
7.17809
7.39626
7.47351
8.41531
7.72267
8.16595
7.14899
8.34708
8.39123
7.09364
8.31613
7.70896
8.56782
7.19952
7.91715
7.83931
7.08058
8.72172
7.93416
7.86638
8.30763
8.21816
8.25954
8.53283
8.74655
7.03413
8.04353
8.79938
7.95086
8.47909
7.8861
8.07522
7.4081
7.82949
8.74649
8.33187
8.3564
8.27592
7.05846
7.01776
7.81032
8.17517
8.32638
8.01119
7.76347
7.87942
8.88755
8.49078
7.27263
7.40189
8.33182
7.85683
8.75134
7.83976
8.94622
8.36022
8.65296
7.43494
7.85695
8.44734
8.17634
7.00389
8.34982
7.06994
8.4223
7.23213
8.33984
8.71249
8.41244
8.20604
8.50249
7.91922
7.78778
7.2136
8.19258
7.94472
7.6374
7.77079
8.07744
8.82813
8.7226
7.10367
7.20146
7.33934
7.00806
8.04116
8.52649
7.72651
7.50713
7.87515
7.59301
8.6187
8.85904
7.34598
8.75952
8.4551
8.57473
8.28487
7.51662
7.83905
8.93073
8.1238
7.5895
8.0517
8.59509
7.32681
8.85017
8.7243
7.98322
8.47169
7.75213
8.4196
7.52392
8.69656
7.00638
7.32687
7.40105
8.62089
7.10116
8.79053
7.76802
7.72526
7.13391
7.07476
8.43499
8.68993
8.03968
7.95856
8.45213
8.04205
8.21892
7.65508
7.6689
8.29703
8.62578
8.42049
7.41503
7.46572
7.75382
8.91399
8.25536
8.7542
7.15257
7.16696
8.80545
7.24049
8.63543
8.36428
8.22751
7.11408
8.31074
7.34008
7.83109
7.14292
7.17445
7.11505
8.95619
8.53504
7.69868
8.29302
7.79646
8.4479
7.91614
7.48882
8.12916
7.73984
7.83626
8.02522
8.96911
8.09419
8.05623
8.68537
7.03051
8.05581
7.51942
7.01369
7.41596
8.56296
8.43186
8.05472
8.27447
8.34006
7.48858
7.18386
8.7983
8.00609
7.90812
7.62882
7.03697
8.17781
8.20246
8.87472
8.93207
8.75021
7.21938
8.71727
8.74181
8.22381
8.36265
8.38283
7.38204
8.09714
7.05153
8.57473
7.02152
8.72356
7.45586
8.88465
7.59427
8.2723
7.60221
7.38577
7.38287
7.18491
8.32108
7.14945
8.97478
7.41289
8.17614
7.66356
7.89417
7.6257
8.09832
8.98916
7.12961
7.11907
8.83669
8.83783
7.17093
7.70511
7.81346
7.48374
7.59884
7.70295
8.50197
7.83431
8.09158
8.32628
8.13741
8.89488
8.0284
7.61214
7.46216
7.68181
7.2082
7.63025
7.79929
8.98102
8.07812
8.16653
8.28993
7.81051
7.87908
8.07764
7.10323
7.26187
8.11061
7.31554
7.62127
8.72858
8.02604
8.39385
8.08299
7.95238
7.40017
7.86626
8.62539
7.35468
8.15986
7.51278
8.40048
7.97734
8.42017
8.51519
8.39179
7.55549
7.44717
7.89321
7.83334
8.04107
8.08062
8.43116
7.50365
8.93675
8.19873
7.71845
7.13762
7.57687
8.59296
8.09981
7.08173
7.21353
7.66729
7.60241
7.67507
7.13075
8.44868
7.47183
8.48101
7.46249
8.31469
7.56386
8.61164
7.24834
8.41062
8.15104
7.24047
8.59148
8.20907
7.29155
7.27596
8.21273
8.45232
7.84175
8.32888
8.20881
8.21556
8.6508
8.19959
8.95873
7.4258
7.32976
7.94485
7.64282
7.20899
8.80111
8.4338
8.69058
7.46186
7.78862
7.31514
8.13869
8.82435
8.17551
8.07545
7.33529
8.05619
7.35297
7.68558
8.4182
7.10462
8.95665
7.92342
8.77095
8.19934
7.76342
8.54213
8.80503
8.87377
8.99556
7.65104
7.85236
8.06775
7.34194
8.25866
7.76572
8.83283
7.78854
8.1533
8.48003
7.84334
8.69853
8.07102
7.66531
7.53394
7.51843
8.77826
8.97215
7.73922
7.8079
8.07994
7.80266
8.10828
8.68324
8.30722
8.04861
8.80446
8.39448
7.63758
8.87997
8.79376
7.43788
7.80676
8.76079
7.1873
8.76319
8.95657
8.75453
8.55744
8.93436
8.41808
7.05342
7.47633
7.48237
8.39484
8.13713
8.91276
8.98114
8.86627
7.01972
7.16612
8.23525
8.5785
7.5922
8.40288
8.36325
7.89549
7.23436
7.96058
7.62648
8.21005
7.47833
7.81197
8.01973
8.09212
7.75584
8.89631
8.66964
7.8092
7.72878
8.39426
8.26976
7.07473
8.99084
7.86844
7.35475
8.70904
8.8043
8.20346
8.09774
7.87315
8.08288
8.76676
8.34311
8.92971
8.19996
8.00404
8.87742
8.19047
7.35469
7.4903
8.02514
7.09317
8.55966
7.57575
7.8192
7.56631
7.76612
7.19103
7.97872
