7.79527
10.3463
11.0699
7.34041
5.75943
10.1018
11.8224
13.6251
9.78946
13.8611
8.74471
8.024
12.6936
10.9128
7.44977
9.85129
8.05485
12.1434
11.6782
9.64978
12.2253
7.76104
14.3292
8.37317
7.65322
9.79987
7.62786
9.6317
11.8088
10.2617
6.42551
8.1409
11.4413
7.62901
7.40626
6.75082
8.31407
13.4204
9.47335
8.43434
8.78534
9.23611
9.84926
9.47314
6.88676
11.3822
10.6643
11.4282
10.1649
7.12381
13.7979
9.57765
12.3552
12.8059
10.7218
11.6792
11.6793
10.8544
8.45333
12.0365
9.66549
7.46617
14.0229
13.8198
6.78645
15.6505
12.4876
8.0868
9.82036
14.2591
9.03817
10.0213
10.877
6.2327
10.8395
8.85137
13.0952
11.9276
6.75764
11.2933
12.1991
9.54932
12.8905
11.0317
6.63428
10.414
11.2807
10.276
7.66465
9.59705
7.77914
8.11787
8.34209
9.51437
10.9649
8.94464
9.23921
8.56135
11.1593
8.71099
