11.2947
9.19948
8.6284
7.57534
7.71642
7.93691
10.6357
11.9774
12.819
8.93593
8.06756
11.263
17.0741
9.34885
12.3341
13.5342
11.7391
11.0207
7.92515
10.6461
11.7435
12.2099
9.80182
13.0925
9.42747
10.9953
9.90005
13.633
8.54485
11.8477
13.4749
9.74156
12.5502
8.57055
11.1443
8.90733
9.82227
9.35734
9.32284
7.8698
7.57231
6.5091
10.9078
7.81882
9.17733
8.62202
9.99114
9.5689
10.7423
9.28983
10.336
9.53966
8.7671
11.3139
6.64244
11.9366
13.4832
12.4555
9.93866
11.711
8.76845
10.1555
10.8044
9.27554
7.97258
10.0612
6.13161
8.61851
11.462
10.0576
11.5107
7.68319
10.0321
7.70354
8.64805
11.5826
9.60513
12.7435
8.49953
7.5163
10.228
8.57413
7.70066
9.15208
13.1455
9.91179
10.2645
8.7254
5.29534
9.2191
10.3669
11.2055
8.66971
9.27938
8.57525
9.34688
10.8579
7.49681
4.77728
8.33449
11.8569
9.54546
9.59248
11.4149
8.13387
11.4188
10.4902
8.87393
6.74611
8.56359
10.1375
11.248
11.4108
10.6584
8.27807
9.71864
8.1754
10.7354
11.2592
11.5391
10.4073
13.7728
6.19797
12.1421
9.99609
11.2599
11.27
10.8225
9.59808
10.2904
11.9294
13.4552
6.61383
7.51257
5.30595
9.86725
8.90156
9.42993
13.1874
4.95988
9.29698
9.53368
8.46713
8.63196
12.0997
6.16143
9.05503
8.06224
9.08863
11.2494
12.1286
11.4475
10.8729
8.86112
11.1654
11.0705
11.4943
8.13553
4.22687
10.3748
9.12409
14.1688
8.95661
12.0725
10.4751
9.45295
6.99172
11.2637
10.982
12.6739
14.9169
12.189
14.807
9.65713
11.0946
9.3392
8.34479
12.3707
8.03518
12.5101
12.0186
11.1137
8.89892
9.95865
7.96143
10.8167
12.0085
6.22837
9.18891
12.2389
13.0201
8.30687
7.498
12.4838
10.963
11.9014
9.45529
11.7107
8.97236
10.8122
9.19456
12.2876
10.7617
8.38779
12.6972
9.30135
11.5476
9.93089
10.343
10.1622
10.7226
9.9213
8.84426
6.14021
6.86902
10.3837
11.1833
9.73828
11.8723
8.31908
9.80936
8.15303
10.0248
10.9747
10.1744
12.0022
9.58306
10.877
11.3962
13.0061
10.6268
10.3695
9.05325
9.85091
7.30167
8.00967
8.17274
8.5297
8.32443
11.414
9.3564
13.7367
8.27059
10.7488
9.27895
10.5064
8.37034
10.849
7.8658
10.0766
11.6484
10.4491
7.68698
7.20781
10.8378
6.02417
9.7805
7.83161
10.5402
9.90156
9.03769
9.5336
8.84823
6.95884
9.25391
8.53989
13.7585
8.09221
10.9428
8.74272
11.3985
6.99422
8.37248
10.7622
11.3168
11.4791
10.3265
10.0867
9.00274
8.57634
11.7301
10.668
9.89612
9.41098
14.2287
7.40219
7.98715
11.2285
9.25969
12.142
9.60431
10.3895
10.4414
11.4644
6.95028
11.4112
8.49849
13.4976
7.85024
10.1704
9.46592
8.2779
11.1099
11.9438
10.5276
7.92817
9.37413
6.33242
7.49914
13.2451
12.8283
10.2279
8.45857
11.5845
8.87696
8.02592
9.1417
14.1347
10.558
11.2129
14.7002
12.2176
9.78845
9.41479
12.3814
9.38319
9.6337
7.23927
12.4211
10.664
11.7515
14.0618
8.35245
10.6648
7.09849
11.3978
12.3777
10.4665
4.63283
9.64444
13.3711
10.0889
10.2608
9.41826
9.02258
9.39927
9.0365
9.7793
11.3529
9.01308
5.3198
14.5483
9.95294
11.1841
13.1794
5.71994
10.0554
10.8801
12.1549
8.88474
7.51935
9.87216
9.32806
9.5148
8.92819
10.5758
9.19744
9.41804
12.3762
10.6019
9.88404
12.8941
11.7979
10.422
12.8834
8.34944
9.16391
8.97435
8.69425
9.27431
9.40826
11.9078
12.1995
9.47175
9.86678
11.0495
11.1923
11.6351
11.2816
8.94313
8.22744
8.3337
8.57577
7.91872
9.51155
5.29585
13.3093
8.63133
14.3503
8.86083
10.0903
7.79699
14.2358
10.4431
10.31
12.9833
9.76349
10.9238
9.01377
9.87236
5.16839
12.5576
7.62862
6.34988
10.4441
5.75802
12.5207
9.25619
11.3943
10.5112
10.7922
10.7377
6.94194
10.5454
5.79848
13.8712
14.5244
12.8693
5.72574
11.1019
10.6174
11.0518
6.95448
10.0415
8.93265
9.70256
10.1297
6.60664
11.7457
10.0578
8.38353
7.30744
11.6148
7.84494
9.08988
9.60421
10.8485
9.6907
11.481
15.0983
7.94006
8.5498
7.7275
12.0559
9.25123
12.0514
5.87757
13.3859
8.55137
12.7068
13.7764
8.4948
8.71455
6.52605
7.28709
11.4581
11.7004
6.07286
8.04578
8.75996
7.48824
12.7322
6.05428
12.707
10.6769
12.3272
4.59443
13.5306
12.8262
12.535
8.72639
9.40229
8.92792
7.21597
12.9054
14.3054
13.7932
11.1
7.60568
11.0888
14.1894
9.48623
7.78642
10.0224
11.0346
10.183
11.543
10.5788
10.362
8.37443
8.5997
12.0547
12.6998
11.6708
13.2936
9.50578
12.7582
12.1424
8.68891
6.34635
4.80946
10.1269
10.4875
9.13735
10.1836
7.98247
9.9085
8.81994
10.0615
7.25756
9.17058
11.042
12.055
10.1545
5.45553
10.2656
8.88071
9.53895
11.7453
9.1855
8.00719
11.291
10.2265
10.403
9.9642
10.717
10.2364
8.97433
6.24003
10.4951
10.3452
10.941
9.60873
7.53612
9.40995
9.81452
13.8892
9.19771
14.8375
8.5712
7.85256
14.2185
7.23141
7.25304
8.7908
10.6938
11.6615
9.48326
7.25484
8.40937
11.8413
7.38929
11.5253
12.3009
8.53933
12.0609
12.7061
10.6762
14.4256
9.76697
10.1015
13.7282
10.307
12.0045
8.47471
10.2448
11.086
12.9359
9.2287
10.7908
7.52666
9.8511
9.78644
10.5007
9.71334
7.59716
12.6833
8.9866
14.9127
9.15645
11.4657
7.90358
8.1119
11.0853
10.354
9.54713
14.7549
13.3269
11.9991
8.3648
12.0215
11.787
10.0529
9.22563
9.36591
12.4737
9.36161
12.3477
8.40274
8.43899
9.17597
8.84676
12.8823
9.28994
10.4353
8.51253
8.57779
12.6416
15.8589
10.0985
13.4197
6.74526
5.63336
7.87043
10.2329
8.95919
9.64111
9.28424
10.4877
7.82711
7.76664
10.5784
11.4107
13.9509
12.2735
8.18251
12.8783
6.5387
12.835
6.15066
10.692
11.2885
12.6136
8.38208
8.68051
9.55753
9.05563
7.61739
13.1732
9.01614
11.3702
6.98279
9.47243
13.4378
8.48584
13.3764
12.8168
8.30202
9.94784
10.5529
8.18172
9.64387
8.30286
10.5989
9.52082
12.27
9.03918
9.46634
11.3895
11.3582
9.59456
6.74778
13.1249
11.1839
11.335
8.36741
10.6463
9.31544
14.4778
9.13098
13.2525
8.96406
9.67527
9.9961
3.82246
11.9275
8.46262
12.738
10.5255
8.51699
11.4936
10.6222
10.0997
8.80563
10.3896
10.8553
11.809
8.84954
10.9474
11.8416
9.56358
10.0208
10.3398
6.17102
11.4074
10.9571
11.2099
7.06177
12.464
8.69384
9.79691
11.9126
8.99879
11.4362
8.41201
11.9518
11.8612
9.09784
9.49513
9.97979
9.90035
9.27901
10.2383
9.36434
10.1231
11.0456
9.57251
8.10905
12.479
12.1285
8.28602
12.4963
10.7167
9.38059
11.7343
6.55796
10.6552
9.32321
10.7173
8.50301
9.9579
11.1239
12.3677
8.06788
11.0506
12.8058
7.20181
7.97991
9.59053
9.86952
9.13215
10.2371
8.52797
10.4641
9.99524
12.9713
10.9675
11.408
10.6776
11.119
10.4027
9.14812
9.00809
8.94289
6.31312
9.11689
12.2469
8.08646
11.651
7.86984
9.21446
8.36697
12.3717
13.0697
11.5356
9.59582
11.0166
9.11175
8.33942
9.69249
10.3515
11.0327
8.44654
9.18233
12.0889
10.3757
9.68302
9.52229
10.8423
12.9502
11.3581
9.13384
8.25472
9.56638
9.58252
10.2505
10.4735
6.65568
10.38
9.58031
12.7771
11.8876
11.8192
9.58954
10.6644
13.884
11.1256
9.99014
12.4231
7.48631
12.7803
6.49721
12.8802
11.058
9.5306
11.6544
9.66249
11.9684
9.19145
10.2979
12.4438
9.1421
10.9205
7.84835
7.50055
10.7468
13.1782
11.6838
12.359
11.5959
7.69704
10.324
11.8255
13.5007
10.2481
14.3475
8.21386
9.15655
8.6367
8.45794
9.15053
5.31913
9.4874
13.6977
9.19872
10.7106
9.01597
8.85864
3.69284
12.6768
10.7912
5.00623
10.5391
10.3461
11.4518
12.0267
11.6495
10.8873
10.5051
11.5994
12.9457
10.5437
8.86259
8.07321
10.9128
13.3036
8.52051
10.1559
9.98017
8.53708
10.2133
6.54855
10.5817
8.30474
10.1894
10.1445
11.977
9.42458
8.98781
10.6544
8.01301
8.6178
10.2879
9.41411
9.19129
11.6832
7.74261
11.4863
9.29497
7.6688
6.87044
7.14449
9.58138
8.70951
11.3288
12.2352
13.2578
9.72993
11.4914
8.95378
10.5489
6.57759
8.73742
10.6371
11.0676
9.10548
4.16731
11.4742
8.31026
10.5902
12.605
9.86331
7.73511
7.34431
7.72556
9.32194
10.1094
7.85634
7.97104
9.39121
11.6512
10.8278
10.6312
10.45
8.57064
9.36547
11.9934
7.73335
12.8481
12.2047
12.3115
13.1838
12.244
8.8864
11.9093
12.9551
6.46715
7.82294
7.396
10.3244
10.7561
12.5815
6.67594
8.54093
12.2336
13.0379
9.4332
8.8247
7.91599
9.11579
10.8591
12.5061
11.1694
9.64013
11.636
6.69763
12.2104
10.059
11.0953
7.98093
11.1851
12.9033
5.54784
14.6167
10.4813
12.9607
10.4262
12.2815
8.25185
9.77586
10.6702
11.2102
11.4831
9.14581
4.97203
9.47012
12.0113
8.13853
10.1724
12.9668
7.62234
8.71986
8.01467
11.2339
10.6146
12.5247
8.98913
9.14739
13.1155
10.0194
8.92303
7.03437
8.21832
14.8393
9.86815
8.18381
8.90724
10.6217
10.0162
8.40139
14.1382
13.8944
12.3908
11.2655
13.0905
14.0323
11.8429
9.37144
7.15295
7.49154
13.3188
10.337
8.65949
7.38942
8.96197
10.4228
12.1903
12.7642
8.99198
10.7081
11.0925
9.98218
12.356
9.26775
10.9268
8.30075
10.0092
7.04085
9.88282
10.657
9.52602
8.22957
7.22819
13.0954
7.41644
10.3928
9.71005
7.12418
9.20843
4.93985
10.9765
8.70019
10.3551
11.12
8.4359
9.72045
8.54087
6.92865
9.12072
11.2317
8.63956
10.1947
10.7774
8.89929
13.3689
8.60354
9.7522
9.37408
11.0789
9.16213
9.71822
11.8585
14.1448
5.46164
8.40259
12.7247
7.37893
10.5613
13.3069
9.72006
7.78119
14.1333
9.91074
8.38441
14.5155
10.0848
8.92896
10.0553
11.5148
10.1636
12.8758
8.61447
9.10315
12.534
7.36629
9.21977
6.05235
6.61474
11.0392
13.6033
13.2715
6.4766
13.1783
10.6934
11.9316
8.49371
9.42902
7.5033
12.4122
6.71596
8.06501
13.0413
10.0172
6.98319
7.87578
8.65278
10.0776
10.0932
9.86115
8.08081
12.1038
9.69121
8.53833
6.88006
9.57894
9.17891
13.1893
8.40781
8.59961
7.99913
7.59609
8.04706
12.5656
10.8543
8.25968
12.7558
10.5795
6.95811
8.58014
13.4265
7.10908
9.6982
8.20759
11.3212
9.99271
8.14168
12.8975
13.2282
7.95783
9.16256
7.48673
7.46567
11.2184
11.2992
7.76028
8.38419
13.989
12.8813
9.16781
13.4426
6.50844
11.064
8.42612
9.313
5.8711
11.5553
10.1398
10.7235
10.7698
10.0797
13.4832
10.689
10.4287
9.83913
10.6989
11.6724
10.8718
11.6287
11.0384
8.66134
5.9285
11.1303
8.81587
11.1262
9.23283
9.66669
13.6865
10.2069
8.33342
11.7285
14.8633
10.1826
11.7472
11.6367
7.05008
12.4687
9.97835
9.28999
8.15398
8.37915
10.8061
8.37521
9.83025
9.50867
8.22582
8.7627
8.64418
7.58425
9.04239
9.39396
7.31752
8.02977
10.0127
8.52256
9.87484
14.4624
11.7348
10.1963
12.4561
9.65325
9.48459
14.2066
9.92205
13.0259
10.1217
10.324
10.4089
9.40445
11.803
12.1227
9.6115
15.5142
9.83927
11.4923
9.45198
11.1834
10.9499
9.98926
11.4133
9.18213
7.87955
9.74365
11.1112
10.0399
10.4227
9.19501
6.34972
7.58066
12.3247
13.0224
10.1062
8.83126
11.705
6.25176
9.25923
10.5351
11.596
10.2467
12.1321
7.41267
10.6273
11.6007
7.61355
12.2382
11.6813
10.5233
8.54971
14.332
6.75531
6.91117
11.0419
8.85238
10.9372
12.5539
11.3867
13.2134
12.1851
14.6051
11.1565
10.5331
6.69309
12.2357
8.0543
8.36856
7.32041
8.55582
8.67209
9.96713
8.07702
8.51879
10.6912
8.79621
10.4111
10.8167
7.00193
6.88016
9.26123
9.51627
10.5977
10.7206
7.44703
9.07351
9.4329
11.3248
8.79219
8.3957
9.66594
9.1595
10.1557
8.03394
12.2749
9.85359
9.38666
6.25505
10.8009
9.56549
14.392
9.68336
12.1938
8.72044
11.2324
10.3221
6.70666
10.101
9.4321
11.9027
8.95245
12.1612
8.63028
8.82992
12.6091
8.17665
7.91017
12.1091
7.88461
5.79243
12.0624
13.2962
6.73087
11.6145
13.1074
10.8782
10.3177
11.0475
9.25323
5.87986
7.62273
11.1793
7.26686
6.38058
8.37837
12.2607
12.5737
11.2693
7.6833
12.6737
11.228
9.36077
10.187
9.5462
12.3646
11.5104
12.1909
10.6923
10.3438
11.562
10.9449
8.47701
11.0456
8.49639
11.4143
10.115
11.0754
8.51485
11.0301
7.96173
12.4678
6.34735
13.4876
11.2961
13.285
8.10377
11.2195
9.00649
12.7927
5.50624
9.7415
10.6342
8.86305
11.7469
6.49782
13.2056
9.84745
6.61913
10.0119
10.074
9.07088
9.48872
7.96626
8.94073
7.47317
8.34973
8.95374
5.37515
9.72754
11.2934
13.502
8.06252
8.65678
7.11115
7.59508
11.6597
10.7031
11.4457
10.1654
9.65631
12.8394
13.1236
9.8495
10.8043
14.5352
8.16348
9.30299
11.6468
8.71095
11.8042
11.0069
11.515
11.529
10.8438
8.67059
10.7293
8.77395
8.88521
11.7241
9.79621
10.0421
14.1903
12.3908
10.8146
12.1754
14.17
11.8482
9.90644
12.5283
11.9769
11.3842
13.3148
8.87447
12.384
10.185
9.6723
11.8993
10.338
10.2572
8.11581
6.48841
6.73311
9.87463
6.66586
9.5758
9.26913
10.3283
7.24071
9.88374
11.7357
6.01518
9.91068
12.3132
9.3328
10.7822
9.84066
12.474
11.0004
5.18595
11.2688
12.243
11.2399
9.53144
12.5399
12.0247
9.84291
9.36034
8.71791
10.7338
10.4445
6.68507
5.73066
10.2067
14.9827
9.14245
10.6749
11.7161
10.6611
4.72597
8.54993
13.7062
10.4656
10.9863
9.48136
11.1743
8.63278
14.5072
9.68507
10.3089
9.84286
9.7125
8.96417
9.65616
10.6777
12.1082
11.8123
12.8291
11.6342
9.31759
9.37652
9.2038
8.25788
9.59608
6.69296
10.5914
10.7071
10.3285
13.0029
9.79284
11.2754
7.85565
9.92463
11.5053
12.2328
10.9587
9.16575
10.5035
9.35021
11.9856
7.32437
7.44367
7.68998
11.6738
7.85651
14.4743
7.83128
8.78002
11.7926
11.8646
9.6278
8.76625
11.5652
11.8191
12.7021
9.23061
8.38265
12.1758
10.5581
8.82025
9.92388
10.8156
7.99729
14.2828
8.93787
8.6166
6.83335
10.2243
11.3561
12.1872
9.7157
10.9148
12.1873
9.82926
10.4133
9.83289
11.2117
8.25003
8.22152
6.30767
8.27409
7.09648
7.55442
11.5976
10.4621
12.081
10.6338
8.46093
7.8684
10.2086
14.2769
10.3829
10.8323
9.10274
10.4465
12.5178
8.69595
9.97162
8.96666
7.79482
8.93127
14.3655
8.06395
6.04103
12.5019
13.7789
10.5802
7.57355
9.61149
11.8211
9.27221
11.2882
10.9399
9.41219
8.15071
10.2668
9.72773
13.8682
10.8019
9.51019
11.3234
9.40545
9.84025
8.65894
10.2247
9.71946
11.5062
8.09004
11.7668
10.6597
12.7938
11.9514
9.97118
7.7781
10.8583
8.68946
9.92246
11.3518
10.5673
8.69073
8.91936
10.5512
8.53827
9.76632
11.4445
10.9159
7.91327
10.0178
8.0374
13.4726
8.38067
10.8894
7.0915
12.0028
9.46487
9.84494
9.89117
8.76864
11.0649
9.56572
9.81298
11.5714
10.0902
8.98369
12.0653
6.66891
10.727
7.74546
8.43914
9.94863
9.25682
10.4874
6.13604
8.13869
11.5509
4.046
9.1915
12.0936
9.87073
10.1119
9.60995
11.2568
10.5135
9.4537
15.749
10.3672
8.83232
9.7396
8.21546
6.66303
7.42288
5.3154
8.21293
10.8307
8.33048
10.1624
9.43329
8.28238
13.5656
11.7055
8.70195
13.033
8.82808
9.98411
11.8465
10.6535
11.2399
9.21536
8.42796
9.26716
6.10224
12.2744
9.44615
6.15189
8.58714
10.3015
11.5435
11.4995
13.6148
10.8766
10.6857
9.19156
9.78502
9.74194
9.761
10.3176
11.7885
11.4796
7.2774
11.7013
10.4802
11.3038
9.95265
10.0442
15.2224
8.93151
11.3332
10.441
14.6901
10.2655
12.3573
13.1027
9.14401
10.2414
9.22156
5.48362
14.1866
12.1759
8.17362
8.2807
10.9246
9.93606
8.31005
9.63716
9.61305
11.09
11.3999
10.1774
10.2215
13.0101
11.5486
7.5367
9.77799
11.0888
8.01333
7.95881
6.61315
6.36325
13.2219
6.0139
9.47405
8.8181
11.618
11.7687
11.5006
3.9891
9.94636
7.60158
4.24515
10.0934
5.90393
8.25129
8.98454
11.5651
11.0851
10.1667
10.6996
11.6727
10.7712
10.2106
9.90001
12.767
6.25001
11.6781
6.01437
9.96113
9.70841
8.65496
10.33
6.21851
9.67394
7.9873
11.0917
10.1324
7.62935
11.0673
8.34385
11.933
9.04821
14.0938
10.0835
12.8632
13.7065
11.0785
9.47669
12.4641
10.6369
7.7479
9.4432
12.1342
7.20128
7.55611
11.6371
9.7888
8.67823
7.79588
11.0287
8.88557
12.835
9.03433
8.22619
7.65975
12.6121
9.73929
13.5126
10.1671
8.82678
9.71508
11.3582
7.46522
10.8474
8.36521
12.5258
5.27057
13.6934
10.656
9.16041
11.0221
10.4194
13.1668
9.67766
9.72557
8.02477
11.2827
11.8946
7.42935
6.84388
10.0484
9.28221
13.4364
13.9611
9.31921
5.50036
8.52095
15.6571
9.27137
9.04097
9.63481
11.0931
10.0876
10.9941
12.0266
10.7257
7.64256
13.1735
11.4881
8.21761
9.44223
8.27843
11.145
13.4285
10.0471
14.3544
8.98557
11.8646
7.54682
7.83642
10.3635
12.1759
10.8215
11.1446
9.4845
11.2599
11.7609
8.97172
8.9675
8.79855
10.6504
11.0715
13.8007
15.1377
7.85657
9.8275
12.256
10.4342
8.6844
10.7504
10.2869
8.95966
10.9987
9.25475
11.2759
12.8337
9.39986
8.84721
6.88916
8.95436
9.26805
10.5915
13.1034
7.62932
10.9462
12.0326
10.6063
10.049
8.58569
10.6683
11.4528
11.6295
11.5335
10.6351
13.1881
11.5861
10.3006
10.3869
11.2341
5.75701
9.49686
10.7358
4.46492
10.893
12.0291
11.1658
9.89439
8.44201
6.62085
9.90619
9.325
10.1293
12.2053
10.1884
11.3687
8.74863
9.2704
10.931
10.3542
8.82932
8.76959
11.5343
10.4983
11.5961
10.7074
13.9716
12.5634
10.3975
11.8856
9.56104
8.31417
13.0023
12.3697
9.64183
8.09802
9.11879
8.1532
5.52666
6.26658
8.65451
11.1486
8.64396
6.87178
13.5434
12.023
10.5974
9.74057
6.28218
6.10083
11.2073
9.06392
11.9977
6.65233
13.1445
8.36342
7.7849
14.9431
7.93615
8.31256
8.49755
6.361
11.611
8.13421
13.6964
7.88182
5.93534
10.9369
11.9565
11.9775
12.7255
8.72631
9.32582
12.0697
7.46391
10.1694
11.9426
13.3515
13.4419
12.5296
10.698
8.80484
6.9324
10.5671
11.3091
12.251
11.9893
13.2013
9.675
7.93072
12.2451
11.356
8.50246
9.0265
8.63348
7.6993
8.98603
6.05853
8.46024
11.6467
8.15061
7.25572
11.5065
12.3262
10.5772
8.17227
8.79557
11.0871
8.24949
8.47703
10.098
10.0831
7.72701
10.5996
8.46855
7.69595
8.1011
10.6086
7.31782
8.97975
6.55765
9.85731
6.48214
8.37041
10.9675
6.80756
11.4525
10.2313
9.9903
8.87876
8.4434
10.0878
10.1351
6.99997
12.1876
15.3711
8.81559
11.6608
8.75412
8.40095
9.24731
8.45405
8.61877
9.33705
6.12334
10.5556
10.171
12.037
12.1121
9.23082
12.2541
11.4243
9.81176
10.7545
8.93217
11.8029
8.90713
9.16572
17.8681
10.4144
10.9032
12.2787
10.9345
10.3933
9.53058
9.85553
13.6956
11.5598
7.42782
8.74237
10.4182
14.7014
9.4987
10.2933
12.671
8.58866
9.56196
6.50221
7.8736
11.1963
10.869
6.66417
10.5531
7.84303
12.5569
11.7671
9.47722
12.7349
12.0606
13.1308
9.73118
8.60226
7.4075
12.5032
10.9931
9.60199
6.87095
10.8025
9.68452
9.5512
13.1202
7.03597
14.3318
9.83215
7.79548
9.33506
10.8834
16.3448
12.8173
9.39237
10.2954
11.3014
4.8035
9.20869
8.67213
14.5037
10.0367
15.578
8.77478
9.26873
11.7177
9.42857
11.0589
10.0186
12.4203
12.3627
10.5411
9.06667
11.7085
6.02934
9.60803
9.58523
11.2415
13.1734
10.1498
10.3437
7.38385
10.1924
8.9545
9.99136
10.8124
7.19007
10.9614
10.6981
11.8423
9.336
7.42362
6.73545
10.0588
10.0805
6.92922
7.98839
8.81566
9.88536
9.96906
7.09897
13.1462
4.06303
12.4401
10.8001
10.3082
9.94324
10.7196
9.4026
9.35556
10.0888
12.6621
11.4093
12.1206
12.5735
12.1504
6.16176
12.6856
8.51571
9.86181
9.7855
10.985
9.3995
11.2409
7.81777
11.4304
6.70516
7.92668
5.08109
6.12014
10.0549
11.1629
8.21141
11.2995
10.0134
9.74612
10.9325
5.95787
8.96313
9.40729
8.73913
11.4489
11.2842
12.6764
15.1066
11.7597
10.1061
12.1807
8.84542
6.05226
6.84936
9.05395
12.1754
9.2991
9.34718
13.8952
13.9604
9.59701
10.14
7.25393
10.1018
9.01351
14.7303
11.3359
10.6309
10.8173
8.57163
13.3537
9.31269
10.793
9.46642
9.39698
11.5272
9.06436
6.81553
13.139
9.48739
9.29555
7.17471
10.2575
8.23544
9.31186
9.74818
13.3272
12.0652
10.3059
9.58728
10.0337
10.7934
10.7753
12.8827
12.4373
7.28327
7.66066
9.73772
6.29826
8.98429
7.65521
13.2663
11.4545
10.4748
8.46588
10.1934
10.2168
15.8923
8.91843
9.78167
7.28319
5.77966
12.115
10.2153
11.6243
10.7725
10.1008
11.4731
10.8373
9.98176
10.5216
10.444
12.1327
10.7848
10.1804
6.82188
10.4542
10.1901
8.12118
14.0852
9.23462
8.69859
10.8932
10.8367
8.98381
10.337
12.276
11.9474
10.7349
9.40013
11.5295
9.85033
10.1153
7.56643
13.0313
12.7599
12.3624
11.4331
10.0312
10.2264
7.04715
11.502
11.2956
10.9382
11.8748
10.3811
12.1521
9.99081
6.57492
8.21024
10.3505
10.221
12.27
10.3942
11.6144
11.1781
12.074
9.46315
6.97228
8.42351
10.0365
14.5466
10.2373
12.1093
12.3728
5.79303
8.07471
9.85925
11.781
10.8204
9.01414
11.5856
9.59485
8.39832
10.5544
12.8916
7.43142
9.83699
10.065
11.3008
9.63957
12.1188
12.6271
9.85167
11.1947
11.7247
10.1259
6.20565
8.87292
8.44046
11.1067
8.92008
9.18851
11.8428
11.1117
8.49139
14.1652
9.37436
9.86808
12.9716
13.2782
6.81253
10.1178
7.19307
12.0229
11.1098
9.04463
8.85364
10.5329
11.7754
10.4638
11.3074
9.51485
10.5652
11.2383
10.2749
10.1872
8.94955
8.73599
9.81546
10.0463
5.90432
12.1352
7.88061
9.40909
13.1494
9.90748
9.74754
8.41197
8.4033
7.73903
7.32177
8.68579
10.7036
9.1372
11.9647
8.79802
6.58815
10.539
10.5669
10.7615
10.1519
8.93294
10.729
10.6705
9.93696
9.79664
10.8565
11.1636
11.5938
9.4906
9.94855
6.59061
10.191
7.06661
5.9494
10.2729
8.03512
9.15452
9.09147
10.3262
9.74029
9.68638
10.999
10.4171
8.08743
10.3856
11.7386
9.73033
9.65223
8.25199
12.7643
11.2887
11.4188
7.38261
10.1434
13.9014
11.1389
10.0412
7.53089
11.1483
13.2247
6.25286
10.299
6.64932
12.0719
12.2568
11.2046
10.1507
11.0748
12.4934
9.29672
6.44162
6.20561
8.94875
9.79137
6.75959
10.3878
12.0971
10.8646
6.91099
4.99697
11.0102
12.4873
10.9385
9.34479
8.21765
11.8368
10.7211
10.4302
9.60924
8.56357
9.44631
9.39552
8.1788
10.778
12.3853
10.5262
11.794
8.27313
7.07232
8.32644
6.10196
8.30656
11.36
9.43182
9.66338
13.6566
9.23059
10.1845
14.1397
9.51929
11.0256
9.25563
11.5058
10.5294
7.75274
10.4206
13.6244
10.5573
10.4217
10.2429
10.941
7.82762
9.9434
14.3355
6.32341
11.5389
11.2272
10.5644
7.61537
8.28952
9.41388
12.4357
11.2103
12.0834
13.2711
9.94889
7.43
10.6357
11.3653
7.66875
12.0138
13.9516
9.01312
10.9664
8.87122
9.72315
11.9524
8.20022
9.80535
12.4212
10.8465
9.56347
10.8307
14.104
10.4822
8.94457
6.77852
13.0877
10.88
6.11146
10.2919
7.67821
10.9037
9.46808
9.11636
12.3868
11.5917
9.65444
8.86352
7.173
14.9358
9.37221
9.00975
10.0204
10.6813
11.5564
11.0061
10.0819
5.06308
10.4237
7.74549
5.96795
9.61173
10.2205
10.4412
10.7
7.31158
8.1057
13.3154
11.6066
10.6936
12.8063
8.31865
7.55521
9.68706
10.7248
10.3939
9.38343
13.0003
11.5262
11.3262
8.43716
9.80118
10.4883
11.0374
9.41249
10.713
11.4544
7.07052
9.21108
9.34343
7.89417
12.7767
10.5574
7.26788
5.46983
10.4239
10.1072
9.78596
9.17037
10.0671
9.76322
11.7214
9.82323
8.2896
8.59358
9.73042
13.8434
12.0605
11.7661
7.69613
12.2275
8.37764
9.68194
10.9009
12.5325
9.93569
8.82284
9.75192
9.15668
10.9243
11.088
10.9778
11.8455
12.0919
12.199
13.3287
11.5782
9.10556
8.80246
8.58881
10.6928
9.52241
11.7638
8.26429
11.2529
8.35806
9.45871
12.2501
9.09412
11
9.00828
8.75874
13.005
9.38026
8.83647
11.361
8.93181
7.08702
10.1079
7.02522
9.24798
10.2788
7.2982
9.0209
11.8946
8.06044
9.70624
10.3418
10.016
10.2123
10.5086
10.7385
12.3382
9.67534
8.38834
13.4699
7.24233
12.1579
12.8789
7.63594
9.70135
9.33868
11.9079
12.4687
9.2595
12.2185
10.115
8.02217
10.1484
8.2447
8.14843
8.74587
7.9681
9.94777
5.94682
9.57041
9.07074
10.9008
9.80694
13.2039
14.134
7.62753
5.84958
11.1513
12.4145
8.08458
8.53244
9.91047
8.3642
10.0612
11.3632
9.93904
11.263
9.57197
11.9561
11.0291
13.3077
8.86241
11.3686
8.42513
10.9905
9.84029
9.32691
11.8851
10.4103
9.73279
7.7449
10.1173
9.93361
10.0191
9.7646
9.79486
12.2122
10.3285
12.346
11.7977
7.64168
11.9587
8.81771
10.2868
12.1663
10.7154
10.088
10.9654
13.3578
11.6904
8.49327
8.88761
11.5503
10.0124
12.0905
7.66611
10.2554
11.1777
12.2477
11.3011
10.5406
10.999
8.32815
10.5978
10.6507
12.0826
11.4422
11.8671
13.4514
11.5922
8.09208
10.1257
13.2061
7.98033
10.8896
11.8776
10.0791
8.85723
9.04885
13.5497
11.1652
8.98995
11.4233
11.4174
11.646
9.20593
10.1665
8.28205
11.0312
10.5556
9.22409
10.4187
11.1458
8.9849
11.5204
9.83903
11.3506
13.5708
11.3665
11.0679
10.9716
8.56924
10.3146
8.13714
12.0026
9.04227
7.03576
11.6098
11.7932
7.986
6.70134
12.0439
10.1465
12.8724
8.07441
9.04504
9.84956
7.96975
12.4421
7.25596
10.9896
11.4874
10.7613
8.24457
10.9354
11.4827
7.51392
10.7239
11.7665
8.64594
8.38165
9.22429
11.4741
11.076
9.76851
12.3602
7.68118
8.83941
8.92549
7.80937
6.97472
11.0809
12.4958
12.1017
11.4677
12.0763
9.30554
8.90378
8.65992
9.7595
9.68565
14.3512
9.7636
5.94901
9.48162
11.942
12.7285
9.85258
10.5076
9.64784
10.6493
9.50237
7.2567
12.5339
10.9845
9.46611
11.3555
11.2105
7.91648
11.4831
9.22585
11.4991
11.3344
6.20065
7.4569
8.80778
9.73073
7.94001
10.5872
12.8037
8.17919
10.6701
9.33841
11.6603
6.08358
11.7008
11.1123
5.50318
9.79525
11.1179
10.0324
10.1309
9.25239
9.14057
8.39949
11.1622
9.89572
9.36537
8.6246
9.3324
10.8457
10.1755
7.37612
7.69822
6.88597
8.06702
10.0228
13.6389
10.6667
8.56533
10.0102
11.5846
10.3538
8.26965
8.4422
10.2822
15.7968
8.37702
12.3501
9.87719
6.24215
11.29
9.81883
13.2329
11.4224
13.7409
12.9638
13.4544
8.17101
8.31652
7.09174
10.9275
13.679
11.3517
7.75328
9.68953
12.2562
11.5938
6.38235
7.99988
9.25572
10.8343
11.0274
5.72904
13.1397
7.47368
9.65234
12.0055
7.52806
11.4472
13.4214
9.49761
12.1185
12.9749
9.2238
8.54209
6.66169
12.1423
9.97936
11.9281
8.54296
8.55249
10.4528
12.788
8.13569
12.4336
10.8223
10.7828
14.1176
9.68481
12.6222
12.4757
11.7652
10.5229
9.24486
8.88796
14.4068
5.22471
11.5226
13.092
10.4633
6.88569
12.3827
9.29879
10.8514
12.0949
11.0677
12.225
10.8941
6.03615
10.5724
10.8983
11.8176
9.68491
10.4016
10.6233
8.0895
10.9458
8.4934
7.12176
9.9666
9.73774
6.72156
10.1671
8.9468
8.42306
10.5654
7.94104
7.30874
12.6233
10.4126
9.80602
9.70453
9.62607
7.91241
9.48691
9.65325
11.0005
9.15247
10.9101
12.3277
10.908
10.7378
7.6907
9.79803
11.9358
7.76739
10.3228
12.7194
8.89896
10.9107
8.00948
3.42969
9.14597
11.7128
11.2758
13.9354
9.20676
10.7596
8.81758
9.69477
10.2972
10.4391
10.1033
9.35529
14.2724
12.0518
12.4312
11.0888
11.2174
11.9466
10.3663
11.4175
10.2115
11.2471
12.602
9.2654
11.3238
12.266
10.5653
13.7391
9.37036
11.6374
5.6378
7.23543
10.6968
8.25383
11.0861
9.45377
7.81838
10.0794
6.99993
8.98947
6.53954
10.8146
8.1683
8.98429
8.57152
10.8765
8.63605
9.39118
13.7744
10.426
9.14151
7.10782
9.54129
8.08859
8.04569
8.0035
9.25507
14.2009
10.625
8.26655
11.1882
9.17241
8.31668
7.40516
9.59394
13.1029
8.18082
10.397
13.2117
4.87786
9.24818
10.8298
12.5183
8.28972
9.55755
9.57797
8.33116
10.6984
10.3478
10.7865
9.26294
8.08191
6.96431
12.6984
13.7917
9.72423
11.7476
8.69173
11.8476
9.03576
7.76093
5.40481
11.6729
11.1215
13.339
8.93991
9.73586
7.13582
10.9197
11.1114
13.3491
9.90848
12.3085
8.76515
8.87494
12.7512
12.3751
11.2576
9.55717
7.78857
14.8464
10.4694
11.617
8.92868
8.72123
12.9046
11.426
6.17234
5.14605
12.5652
7.45723
8.12422
11.9184
8.15217
11.1416
9.67397
8.26643
11.9996
9.7581
13.8817
13.3452
8.79029
9.15152
9.89924
9.39986
9.90714
11.6464
10.1704
4.84354
10.0163
10.8858
9.11141
10.6754
12.9031
11.1512
5.88225
10.5252
8.29585
3.88391
13.7453
10.534
9.22393
5.50249
10.3302
11.9683
8.14057
10.1114
8.96677
10.8227
11.5682
8.56646
11.8963
8.61241
10.2497
6.84939
9.93414
8.3573
6.46387
8.71755
11.5894
10.254
11.7198
11.7665
8.1049
11.1882
12.8539
11.5886
5.69467
7.03907
9.68839
7.35795
11.8331
11.3775
10.8749
9.92274
7.228
10.7619
11.3679
10.5814
13.2378
8.87337
9.72965
9.44202
11.2161
11.5731
6.3252
13.9732
8.3644
7.63409
8.34828
9.26661
9.73642
12.622
12.7193
7.4316
9.14197
11.7888
10.3844
9.92049
9.58385
9.71885
10.5623
9.37252
11.7015
11.4362
7.90372
9.64729
9.51391
10.4018
10.0301
9.15835
12.219
7.76437
9.94366
12.4714
8.71975
9.06674
6.92273
13.8144
10.6972
8.49973
8.97946
7.13324
7.98396
7.70167
11.2893
11.3928
13.5338
11.3118
9.0243
11.9125
11.0441
14.523
11.1826
12.8635
9.69855
6.60111
10.5509
13.0209
8.38422
6.33746
7.18541
8.65001
9.47706
10.3709
11.2319
11.2324
12.9117
9.33427
10.5403
12.1348
10.4179
12.8139
10.1907
7.20843
13.1339
6.11457
11.9994
7.69296
9.95898
10.146
9.83331
7.19638
11.5231
8.11869
9.84376
11.3863
8.86134
12.2124
13.1502
8.88106
8.29617
6.1452
8.50082
5.50469
12.549
8.91067
6.81514
10.2317
9.17704
11.1942
11.781
13.0635
7.54559
8.80533
12.5144
8.68117
8.87184
9.52556
10.1512
11.3817
9.11216
7.34965
10.5983
9.70873
9.4109
14.3612
11.8458
13.3564
10.3237
11.0914
12.7742
10.957
9.41153
8.09218
7.65372
9.44699
8.59995
9.38175
7.40391
14.249
8.80817
8.01212
6.93899
10.8177
6.10279
7.07051
11.655
8.91949
13.19
8.08323
11.3037
8.26511
8.81702
11.0501
10.1585
10.1415
6.78696
15.9817
2.61427
11.0386
7.03159
9.67976
8.30353
12.6145
7.51964
13.7037
9.40125
6.49181
11.7228
9.4827
8.5497
11.572
8.90549
8.51455
9.51101
7.96632
9.4476
14.1619
10.0215
8.37298
11.7294
11.7181
7.10489
9.04532
11.7417
11.334
8.5916
10.6862
12.9195
10.7412
12.2557
11.5617
11.3736
10.0646
13.4249
9.90501
8.98475
9.82518
6.73539
11.3007
11.8906
11.854
9.89943
9.43147
8.59152
11.1978
8.68935
8.59868
8.91802
9.75838
8.24912
9.49242
9.16647
8.50156
8.64932
12.5349
9.55534
8.42823
11.2439
7.09534
7.89963
9.40333
10.4565
13.29
9.30336
7.9587
11.9565
11.9378
11.0363
11.2899
10.9204
11.2807
11.0678
11.2056
10.3554
7.43193
9.61133
9.72406
11.0699
6.9743
10.3664
14.9197
10.5174
9.66885
9.75354
8.52772
11.3876
8.76444
9.21733
11.3194
9.83059
9.30931
11.4908
10.3145
10.245
13.5527
12.6737
9.58524
8.57669
11.257
9.66887
8.66499
12.1151
15.6398
9.88105
7.14172
8.80232
8.98272
8.36008
10.1195
10.1818
9.33865
7.7138
11.3
6.10637
7.38911
9.19841
7.75328
7.68942
10.2955
10.2066
12.8622
10.4347
11.8234
10.1319
8.88417
11.4781
13.6835
9.87054
7.15531
10.697
7.70012
9.54563
7.60645
8.10783
13.1934
11.0353
10.7419
10.926
11.9077
7.42958
8.52942
12.31
10.5487
11.2596
8.56551
10.0795
7.74357
12.488
7.4504
12.3472
10.884
12.3624
10.9666
13.3902
10.3493
10.9849
8.2627
12.132
10.2994
11.4418
7.25253
7.2726
10.8409
6.78063
13.4479
8.49008
12.1528
6.23118
9.86608
7.06514
7.88314
11.2744
11.5407
9.99189
10.4671
14.8516
11.4092
11.895
11.9133
15.3894
6.6301
11.8834
5.19054
11.8205
9.97102
10.7197
9.06838
13.2347
11.6639
10.0112
9.41398
7.57374
7.9508
12.3123
9.07732
11.3282
11.6748
10.1701
11.4913
12.0452
8.48055
6.94204
8.93824
9.80623
8.79793
7.18496
8.71574
9.18632
9.18018
12.6817
10.5723
9.22977
12.1255
9.07429
11.1463
11.6645
10.3449
6.62238
10.852
9.11417
12.2076
9.72489
13.2505
7.56829
8.27836
13.8299
12.998
14.5583
8.40453
10.2458
9.61884
7.95321
9.69101
8.38778
8.63046
14.4783
9.55165
9.72835
10.1961
9.35238
9.03653
9.89819
10.6438
9.42723
8.37841
11.5437
9.49025
6.4467
8.22618
11.1904
9.76135
9.19754
8.53053
9.75885
11.0612
9.62291
9.58002
5.80759
12.6033
5.97571
11.6789
10.1383
7.56323
12.3752
7.43174
8.31776
9.68259
11.2441
12.6234
14.1827
13.5412
10.1971
10.1417
9.72659
9.48174
9.55498
8.35979
13.3503
9.47737
10.1928
10.0069
11.3738
4.95793
10.5457
11.603
12.2499
10.4598
13.484
10.5816
12.1887
7.6252
11.7007
10.4467
9.02015
12.0159
6.29342
12.7549
8.05078
8.25683
9.78906
14.058
9.06979
10.5065
10.5271
11.9377
9.63297
6.41999
8.4966
9.26648
7.88946
12.145
9.30488
10.4061
9.07354
9.53149
6.61406
7.77213
11.9237
7.42163
10.9379
8.86632
10.3976
9.361
8.28575
7.64887
8.50556
3.85661
8.02356
9.454
9.97876
14.4285
7.71376
11.579
12.5661
12.8557
8.43407
14.3207
9.48168
6.67397
7.7189
10.4617
9.00588
6.88081
10.2618
8.71711
9.71158
7.69287
8.07404
10.1912
11.1255
11.1411
13.5326
9.68906
8.04378
11.6634
9.70625
9.98653
9.91786
10.2364
9.73418
8.85972
12.6193
12.3287
7.49071
8.39604
10.6594
7.00967
6.35184
11.2418
7.418
7.45543
7.00993
10.642
9.2791
10.0951
9.0997
11.6245
6.83479
9.009
11.3888
10.5109
7.21507
10.0008
10.3129
10.0427
7.72149
11.2203
10.0102
10.8568
8.36645
8.99027
9.37641
8.75267
10.5884
9.44933
7.7464
7.96285
13.9404
7.6379
8.81767
6.69644
12.4752
7.86401
11.8836
8.52063
6.54589
10.0667
11.6337
13.6669
11.47
8.63538
11.3171
10.8822
12.4853
11.4664
10.9284
9.26236
9.01304
14.859
10.7898
11.0178
7.71134
10.363
8.39708
11.2127
7.93195
12.4576
10.845
7.67817
14.4268
12.86
10.9789
12.7272
8.71426
11.9298
12.416
9.45447
9.59923
13.7399
11.8532
10.1409
6.18713
9.58759
10.9953
10.4685
10.4109
11.3907
10.0563
11.1522
10.0366
9.17443
7.70498
8.12033
6.80742
9.99184
8.59492
11.2597
8.0109
6.09061
9.97498
7.47044
8.90377
15.3863
10.6686
7.71721
12.077
3.55741
8.26712
12.0197
7.7013
9.4855
9.08699
11.8519
7.9842
7.06908
6.61282
10.9273
9.50334
11.2996
7.52532
10.1998
11.1169
10.5313
9.6319
9.63104
12.867
7.03069
11.3609
10.4375
10.648
11.6819
8.1417
8.46506
11.8115
11.4791
11.4899
12.3027
10.6016
11.4264
11.0566
8.22145
9.67983
11.2978
9.85456
10.3347
8.89009
9.30184
11.1336
9.90722
11.6714
8.69978
9.33545
14.3627
7.74517
8.62314
6.87104
7.82116
9.77554
10.4671
10.8317
9.5299
10.1488
9.08503
12.1992
10.9466
10.7904
10.8815
9.89131
9.17608
9.90455
9.29018
10.4879
11.3577
10.1686
10.7687
11.3918
11.9137
10.9806
11.6331
7.10926
9.85912
9.82261
5.98295
8.31987
11.682
9.83272
12.424
10.6711
9.09889
8.50133
11.5608
8.15356
10.1242
10.2568
9.76609
12.2947
7.11754
6.94432
9.96488
10.0263
5.71779
9.91214
11.3962
6.30507
6.52184
11.2227
9.48987
7.68115
11.3199
11.7459
15.4496
8.14565
8.70978
6.06431
12.0359
6.59286
6.28208
15.4567
7.21916
9.80655
6.47267
11.7596
9.94763
7.12432
9.8342
9.88114
8.83418
11.1552
10.1457
10.8536
14.6805
11.4818
8.71845
7.57115
9.11788
9.83803
9.33668
13.1535
9.84018
11.0668
11.1782
12.5409
9.06279
9.69336
13.0766
10.4347
13.9298
10.9244
9.53987
10.8167
11.4718
12.6217
10.5542
10.4564
9.77245
12.8694
11.4306
12.781
8.8354
14.6328
8.71705
9.20986
11.9556
11.051
8.67145
11.2224
9.22603
10.847
8.52239
10.5081
11.1298
9.99748
13.4664
8.92193
10.1731
12.221
11.3994
11.5772
9.30169
8.37597
12.9145
10.0814
9.94907
5.0611
9.39253
7.80817
12.5983
8.47212
10.6691
12.9937
10.9172
14.409
8.64222
8.95401
9.64685
5.91126
12.8449
12.339
8.30439
14.1048
12.015
14.9503
9.52301
8.90729
9.25617
10.6289
8.52925
10.1519
8.65961
10.9128
9.62595
9.20128
9.17054
9.67277
10.5064
9.23455
12.3217
10.6805
13.334
9.14008
9.36652
14.5103
13.5338
10.0906
12.5225
14.7175
11.9987
9.79109
10.8576
8.26976
8.93614
7.22681
5.87701
9.83735
9.24361
10.2995
10.9776
10.7041
7.26048
7.58477
6.57952
6.78757
10.3286
10.5958
10.2208
10.1292
9.90151
11.9421
8.80503
7.89615
10.5768
10.231
10.8496
8.62869
12.2723
11.8367
8.68368
14.9036
10.3618
9.54484
11.6425
12.1412
9.85976
7.66164
11.7744
12.2342
12.0459
7.03345
7.26099
8.33481
10.2689
12.0442
14.9039
11.8628
7.89232
12.0742
10.0486
13.0841
8.05698
12.1939
8.39073
8.49288
9.68067
9.55143
10.8045
9.6288
8.6366
11.7245
12.8284
9.04269
9.99494
10.3927
12.0459
12.5183
10.7646
9.1483
7.71044
9.0069
8.82773
7.26002
7.04983
10.6423
10.2843
9.95949
9.53781
12.7991
7.999
12.8242
7.46577
11.2036
8.21668
12.0977
13.1976
10.7704
10.0186
9.95256
6.24363
10.1698
10.9712
12.3746
9.02487
10.5586
12.7784
12.1974
12.3005
11.7786
11.5715
11.0034
7.63723
8.97746
8.94801
9.69928
9.38785
8.3029
9.37079
10.8983
11.0779
4.47684
12.3109
9.54705
11.5264
11.5713
8.8044
11.2157
9.45068
8.38415
11.8932
9.91422
10.4561
12.6434
8.27313
10.2065
13.2333
8.43231
10.0203
11.1001
11.9789
6.62324
8.85189
11.9243
7.78838
10.3729
9.39681
7.57879
11.4058
10.7594
9.29051
9.60913
9.40155
8.20413
8.3693
10.8358
6.08417
12.4165
10.2752
9.1775
8.4909
11.0082
9.55292
10.4119
11.2444
8.74727
8.51565
7.83118
8.29336
13.3459
8.46038
10.3951
13.1254
7.64755
12.267
6.66741
11.4973
8.31366
11.7349
10.8197
11.7933
9.7168
8.10654
13.5491
10.0239
7.56225
14.0284
9.50242
11.6983
7.26042
11.3008
12.0428
11.4318
9.10057
10.9134
12.1463
8.2181
8.9459
10.6866
8.96782
8.33567
7.6628
6.30264
8.15353
9.53228
5.78233
7.13612
7.74978
14.3945
9.08171
7.39042
10.8314
9.88485
14.2286
12.2101
9.4731
11.6833
10.3635
7.53323
7.36497
8.13761
11.6726
10.1526
13.9037
10.6614
7.20755
9.71178
13.0349
11.8286
8.74643
10.5931
8.53888
10.1734
8.87555
9.16521
7.37969
8.5792
11.0355
8.32093
13.3346
8.74769
10.0123
9.4822
8.97942
10.9886
10.5354
10.9153
13.6031
11.4899
10.3647
9.93139
8.51985
11.5864
6.80194
9.7057
8.46926
7.53731
9.69073
8.82919
10.5973
12.4572
7.99869
10.9296
14.3328
9.08916
8.27418
9.54571
9.95226
10.7308
10.4071
8.76431
8.83682
8.27544
9.96596
9.76615
9.28293
11.9636
11.5768
10.6823
11.9018
10.8591
11.6394
14.7837
7.34069
9.35641
10.7092
10.4692
7.01408
9.34814
10.0819
9.41766
7.89064
8.99614
9.5459
8.47975
10.0184
11.1575
8.6827
13.1825
12.2455
9.12595
6.66246
11.7895
14.3708
10.522
12.8259
9.31906
11.7837
7.03724
8.67917
11.6918
7.70962
12.839
7.11111
12.5595
8.69534
12.7907
9.35623
9.74473
8.10931
12.0975
11.6273
7.35848
14.1428
8.63509
11.6579
12.8469
9.23991
7.08755
5.32347
11.634
7.664
5.75029
10.0626
8.41254
12.1395
8.6464
7.02967
9.15273
13.7091
9.97245
11.8453
8.73341
9.56649
8.58435
11.2765
11.622
10.4328
8.98492
9.007
13.3919
11.8163
8.11041
8.28111
8.72618
8.38288
9.77588
12.9824
9.65149
5.04704
11.6098
14.1844
10.7733
9.28601
8.13414
11.4391
9.72406
7.56294
9.55114
12.4467
10.8293
9.21586
12.0148
9.40269
11.4913
14.0669
6.95765
8.67721
11.3458
9.48703
10.2579
8.3415
9.82361
9.05613
8.95074
8.31801
8.43843
10.2317
12.1257
9.84639
10.4275
10.359
12.4751
10.2824
12.6028
15.6622
7.96004
9.19661
10.0182
10.7426
10.4221
12.5783
9.40404
11.8539
11.3886
11.5192
7.98853
12.2764
11.0293
6.74311
10.7408
10.1989
9.16569
8.12416
8.62702
10.8088
10.2458
14.1834
7.64292
7.94849
8.54944
13.6385
6.13272
11.3519
8.19369
11.9877
11.6832
8.92318
10.1616
6.42382
9.81525
8.43165
10.9953
7.56172
9.10039
12.2585
6.63244
8.40791
10.6009
7.93263
12.7397
10.5951
7.69902
6.76255
9.72495
11.9371
9.19909
11.262
3.5041
10.1157
12.801
12.2443
6.64488
8.93897
8.71941
7.50389
10.6195
9.41152
9.7859
9.28519
9.51821
5.82306
3.90489
9.17873
12.7014
8.72821
12.7303
8.09797
9.01206
10.4942
8.94359
6.63186
8.71277
6.49648
7.92015
10.9635
9.3954
6.03359
11.0032
8.56608
9.29914
10.4209
7.35465
9.61186
7.87795
10.4386
12.6448
10.6881
8.57561
10.812
8.1408
13.8157
6.79445
9.26565
5.75375
8.46976
5.63506
5.42757
10.2434
9.81617
10.3247
8.5779
9.29421
11.7161
9.39785
10.7723
6.43297
7.51209
7.07086
10.0091
7.53091
13.7741
5.83705
9.09388
13.1141
11.0734
13.6473
11.3987
10.3352
10.8613
7.60906
10.6554
11.1553
7.55263
11.1895
10.1448
11.9308
10.1009
7.51101
10.5675
9.98013
12.5506
8.22221
10.4041
7.48746
11.0348
9.86597
13.2422
3.72919
11.4212
9.70356
10.3223
7.37594
12.3609
11.8345
9.28388
9.41474
8.60837
10.2055
11.7884
13.2928
14.0809
10.051
11.7918
9.04162
9.48932
10.8583
12.8069
6.21373
10.6087
14.0383
9.08287
9.10303
10.5582
10.2783
11.2277
14.2208
9.61032
9.33625
11.2467
10.6559
10.896
7.31719
9.53227
6.63717
6.48991
10.5395
11.2098
11.6427
12.6068
11.8314
8.21538
12.7897
10.71
6.23031
9.31494
8.1942
9.68331
10.9806
8.0414
12.8675
11.5102
11.3659
9.45026
9.4171
8.7158
8.11459
8.50064
12.2934
8.44883
6.37819
8.45702
10.3385
9.25597
12.5645
11.7567
10.6139
10.0543
9.97015
7.36576
9.899
12.0053
9.9885
11.7616
8.47428
12.091
11.6443
8.84353
8.97247
6.74793
9.67639
7.36512
7.04001
12.7739
10.22
11.4337
7.61795
7.73524
11.2564
10.8315
7.83617
10.1892
11.3567
8.90573
9.74862
13.343
10.9297
12.2884
11.7678
10.5076
9.23195
8.77432
8.08653
5.74685
11.6135
7.78529
12.2469
10.3477
7.8159
9.21779
10.1354
8.3218
13.4061
9.27635
9.84814
8.79991
10.5258
7.02277
11.1105
7.54253
8.16008
8.51806
13.6128
11.1025
7.64246
11.6279
9.18929
11.2801
7.9295
8.72134
10.9274
9.28071
7.82178
7.90574
5.25731
11.3419
8.75926
8.04423
9.16819
9.77074
6.0194
8.29513
9.70186
9.07606
8.41556
8.79649
13.5343
10.5969
6.55129
8.70626
9.23753
10.0874
11.8338
13.1706
10.0326
7.52987
9.27444
9.26016
9.35013
11.616
7.96212
10.3977
11.1538
9.27698
8.2173
12.5705
10.652
9.98257
7.28277
14.2251
10.2047
10.0735
11.8975
12.0552
11.0138
11.9322
9.97658
8.97294
12.8285
9.00029
9.62784
11.2781
10.4939
9.65404
10.9056
11.2214
9.34637
13.5712
9.34966
12.0814
10.0904
8.9786
9.11537
8.97823
13.0928
6.94595
14.8269
7.24737
11.4472
15.4661
9.61045
13.1156
8.29859
11.471
11.0052
8.51138
6.82151
10.0303
10.9235
8.95233
10.651
11.666
10.3883
8.81821
8.07991
9.19929
9.05699
7.18738
8.8838
8.90099
8.8545
10.977
8.26921
8.08192
10.5791
12.0638
11.5571
9.44694
12.4409
12.3292
8.70433
10.6338
8.02448
13.7527
12.5483
10.5105
10.9072
15.3188
11.6772
8.19353
8.0636
7.88615
10.7188
11.7424
8.2298
9.01176
9.0543
12.2992
10.2488
13.1305
9.50136
10.1373
12.0801
7.79117
11.2931
6.66145
12.5317
11.3684
7.14904
12.197
8.90014
10.7542
11.1569
7.49762
9.92704
10.9196
10.9205
15.7866
11.8684
10.4647
9.95754
8.06052
8.06754
8.53344
10.511
7.78522
8.10038
9.96429
7.67662
12.9692
7.84606
8.71983
11.6021
10.7774
11.3688
7.14202
11.8824
11.5189
9.52883
13.0596
9.08507
9.96805
11.825
9.7124
10.1056
12.1055
9.68645
7.13928
11.1468
11.5628
13.2493
9.1694
12.5474
9.61187
10.0823
10.975
12.4722
9.70848
12.5988
10.319
10.2911
14.1396
6.71503
9.83464
10.9175
6.42275
11.8069
10.2935
8.5505
7.28036
5.85703
8.56875
9.07578
11.1991
10.5737
11.6164
7.67571
9.593
9.68133
7.82248
9.38315
8.48897
8.70961
9.12542
11.2571
10.2808
9.53866
11.4451
12.4362
8.91689
14.1363
9.5092
11.1262
15.6173
13.6986
10.227
9.80523
8.80683
10.5565
8.31837
9.63367
9.14815
7.66558
7.55461
10.5183
9.56748
8.65605
7.39631
9.23524
7.53592
13.4613
5.98604
12.2223
11.3176
8.87705
9.05771
11.2502
12.2299
11.0761
7.36149
6.57322
10.8597
8.96489
5.71614
10.0291
7.87847
7.71701
8.64679
7.46915
12.0214
10.9849
10.4015
10.6948
9.53561
10.5409
9.29159
9.90374
10.3619
10.6429
10.1834
8.43848
10.6917
11.6826
10.9861
9.20415
9.89321
10.9565
10.3289
6.79502
7.86277
11.2728
5.40733
7.30009
13.0052
10.4627
9.81175
10.8708
10.8696
10.0963
10.24
13.0437
10.9162
12.4984
7.52768
12.2954
11.8435
7.94003
8.52489
13.0609
8.7628
15.3533
5.59767
13.9917
8.25075
8.83387
8.90075
11.6856
11.3392
15.2887
8.11762
11.4004
10.7558
8.61721
12.6376
13.3653
10.3429
12.253
11.1437
9.24973
9.22371
6.42893
9.56397
10.4696
5.67628
9.17863
13.8823
11.0113
8.43484
9.87135
11.4106
6.56496
11.9257
9.87438
9.21577
9.1465
12.9945
7.81757
13.5063
8.83563
5.83363
10.4287
8.54009
12.9273
8.09444
11.1263
11.0033
6.85951
8.97606
7.84778
11.3023
12.3725
8.31863
10.0676
7.28173
11.1471
12.2186
7.93525
9.46612
5.34196
11.314
9.31597
11.0886
9.67785
11.1215
10.6328
13.8798
8.01551
7.64592
13.5607
8.25537
12.466
9.89747
11.9311
4.36753
9.67234
12.428
9.41003
12.9959
9.09822
8.28977
10.2645
6.16721
9.81637
12.0242
11.6076
8.60293
8.54963
11.5218
12.0625
12.2758
15.1746
12.6399
10.5589
9.49596
11.1447
8.47385
9.42023
6.5801
11.6394
7.44572
9.81788
9.07165
11.3821
8.17826
10.2009
7.22968
11.2558
11.2329
11.5015
9.42515
10.2002
9.3928
8.41169
11.7367
9.89521
11.9915
9.62461
10.7532
9.89327
10.1532
12.8917
9.57554
11.5561
8.1189
11.4851
12.1074
7.14493
10.6107
9.22867
11.489
10.6362
10.657
10.6552
9.05117
10.6819
12.7487
8.7486
9.30053
9.23576
7.74435
10.5411
16.1194
15.2071
10.31
10.2088
10.2334
11.5685
10.4439
9.9328
12.5725
8.36296
9.61852
11.9585
10.3701
10.3031
12.8391
7.06462
12.8287
8.28424
7.65971
8.84789
6.61479
6.47668
9.86774
6.11694
7.23331
10.1595
13.2416
8.30584
8.0723
4.37579
8.96312
10.2815
10.2171
10.141
10.4967
9.77189
11.3024
9.66475
9.34726
9.88604
11.6812
11.9848
11.5521
11.2967
11.824
12.2375
10.095
8.49024
9.362
9.026
11.5386
9.20657
9.56073
11.0759
11.2146
11.4219
11.6478
8.13536
11.4021
12.4294
11.5082
11.8399
9.61342
12.0927
11.1602
11.6458
8.68719
11.2923
6.48038
8.20975
7.77091
9.68155
9.78019
7.55399
7.10864
10.9722
7.38039
6.71679
6.6529
8.98548
11.5992
7.11375
10.8282
10.0942
10.5041
13.4647
8.27273
11.854
7.32193
8.44017
10.5848
11.5973
10.5479
8.94715
8.73941
9.42241
9.63561
10.0285
9.49903
8.70611
9.31219
7.08414
10.8961
7.98961
6.45969
9.81559
11.694
9.42887
9.48349
11.7452
7.69296
9.05694
7.12363
8.71379
9.95067
13.2195
11.409
9.42698
11.9388
12.1334
11.6249
7.7254
10.5892
9.91337
14.4273
10.0891
9.07716
8.97416
8.40408
12.4195
10.577
11.0855
8.35122
11.1967
10.2056
12.4826
8.6325
11.748
9.14112
8.09172
10.4991
9.53913
10.6824
12.4223
11.1568
8.46062
11.7364
8.14345
9.16908
9.07206
10.3817
9.12136
11.9341
11.0729
10.715
10.1561
11.5629
9.45197
6.89825
9.31379
8.55969
9.45812
11.979
9.77665
11.139
12.1234
13.611
10.2197
17.1816
8.33036
13.0629
11.0256
10.9377
10.0586
10.709
8.10184
8.22146
8.3673
6.59178
9.22789
11.3119
10.823
9.8676
12.61
10.5081
12.0475
7.78275
6.39096
8.44467
12.5907
8.62475
9.82733
9.39712
12.7241
13.7679
9.71064
14.1733
12.3076
12.0178
6.13086
6.78291
9.71716
6.2779
12.2857
9.93215
9.58895
8.4652
9.82816
8.82276
10.2138
7.01345
9.09151
10.8608
9.01329
8.34233
10.1481
10.7909
9.63251
10.1597
6.58658
12.0187
4.99994
8.13093
8.19091
9.37219
8.83146
9.0248
11.9975
9.73883
8.40019
7.48497
10.2797
12.4274
11.2879
11.3715
10.1492
11.9088
8.16751
8.04124
11.4736
8.27114
7.61613
9.17713
6.46364
6.47714
8.91506
8.72243
12.6789
9.72762
11.8409
10.8225
7.13644
7.82566
12.3655
8.4739
10.7709
12.1081
7.529
8.71427
9.57189
7.93847
7.19375
9.79475
11.1302
11.8391
12.7682
13.826
8.28357
8.94061
10.9878
11.0939
11.0929
9.64657
6.02007
10.001
12.2894
9.99628
10.3448
10.7746
6.09126
9.66562
14.2316
13.0518
10.6316
8.82802
11.6913
9.80224
13.0632
6.59172
6.65487
10.7321
12.6243
7.59834
10.6581
9.69471
12.2594
9.81021
11.5817
10.1156
12.4906
9.24367
8.5805
11.037
5.9001
11.2232
6.57756
10.1926
9.94581
12.6928
12.5763
10.6439
12.0676
9.72487
10.2494
7.99209
10.3371
10.6117
9.54899
11.8712
9.69511
11.2496
13.2961
10.1612
13.4353
12.4718
11.9004
13.1525
10.3283
5.53278
10.1884
5.7145
9.79289
11.0189
6.82469
11.2107
11.465
6.2427
7.29731
11.0663
11.4699
12.2494
10.4485
11.3537
7.62247
6.40303
13.3077
10.8364
10.8482
11.8861
12.6298
12.1381
10.2321
9.77091
13.2274
16.2284
8.36033
10.961
10.8328
8.66288
13.0713
11.8209
8.37626
13.9565
7.37262
10.1279
10.862
8.6093
10.1371
10.4375
6.93871
11.8756
10.1991
8.26893
10.5859
10.4179
10.5903
10.464
13.8059
9.34733
10.809
9.68556
10.5944
11.265
13.0746
11.6704
13.6074
11.2219
9.74307
8.49537
8.8031
11.3181
14.7112
10.132
6.86796
11.7042
10.5597
9.19531
12.9216
10.846
7.19801
15.0492
11.7026
9.31408
12.4524
11.0641
9.41683
9.40194
10.6661
10.151
8.48214
11.7615
9.51776
7.45395
11.6304
9.90331
11.8454
8.46414
9.97037
9.49587
8.72843
12.8528
8.44451
11.0321
10.7059
8.16683
11.382
7.13678
9.22231
7.9587
13.0539
9.80373
7.16185
10.0744
8.32986
9.83862
10.6677
10.7759
6.0222
9.15349
10.2921
9.52239
8.71765
8.66163
5.38519
12.1424
11.1561
8.77778
3.50433
10.8058
9.96129
10.0039
7.67047
9.10336
9.17106
9.3948
11.0697
10.3265
11.5598
5.39321
6.99464
9.93865
9.60115
11.6749
10.5753
12.8733
6.84497
8.62837
5.73427
11.471
9.71684
10.4023
10.3212
7.39457
5.91721
11.8117
10.2662
12.5965
10.7914
9.83824
9.30209
10.1764
9.31905
10.216
12.042
11.2013
8.5872
14.0057
5.07073
8.92253
10.8243
9.46132
9.91454
12.4224
8.10233
11.9067
7.6462
9.34895
10.6634
10.6842
10.2801
10.3541
7.99726
8.40607
11.5363
9.26053
11.8164
9.43733
12.2891
9.64202
12.9392
7.89567
10.3204
10.3576
7.83034
13.0574
7.73076
9.56907
12.3712
13.1053
9.11599
8.82553
9.13689
13.4926
10.3063
12.5562
7.65783
9.52457
9.95014
9.70414
8.31771
12.5295
8.44084
8.2376
9.54351
11.3512
6.69867
10.2153
12.2392
12.1302
8.56634
11.8412
14.676
8.54949
8.63996
9.65903
8.99303
8.28896
12.1125
11.4524
12.5852
12.3487
5.53843
11.4172
11.324
9.99771
11.8843
12.986
9.68742
9.89402
8.44465
12.218
11.3821
8.52535
7.16535
14.1428
7.3749
12.0559
8.14782
9.76848
10.5168
10.9201
10.8541
8.96066
11.3203
10.0169
11.7063
10.1589
11.3209
9.1178
13.7523
9.954
10.0041
8.35588
10.6439
9.50275
12.114
9.70404
6.81443
5.32606
7.80041
7.18034
13.2732
9.66002
7.92033
13.087
9.88271
12.829
6.79011
9.9839
5.49282
11.5327
10.7261
8.95175
10.5335
11.0192
10.7817
10.0604
6.70272
8.33883
11.4596
16.738
8.88777
9.46467
8.9167
12.8951
11.1154
10.2317
15.8304
13.6914
10.5
10.8199
11.5399
10.8518
7.57951
8.65204
10.1232
9.43614
12.0853
12.5647
9.16454
10.5311
9.92899
11.9809
11.7785
7.58628
12.1849
15.5207
12.8316
11.3537
9.33417
8.85511
8.37631
11.4454
12.0257
11.4281
9.47675
7.01967
8.99388
8.84692
6.27967
7.71003
11.188
7.79325
9.20663
9.11012
5.41022
10.7752
8.37718
9.85904
12.2543
7.70956
8.13655
9.56949
9.24818
10.317
10.6521
11.4563
10.627
7.09142
11.2351
8.28939
10.0035
9.40132
7.59401
9.54661
8.83915
13.1021
10.7865
11.3439
6.42278
9.4986
14.3826
10.2129
11.2202
11.7835
10.9651
12.4056
8.20359
7.45281
11.1851
7.92442
9.60712
7.74269
8.72699
10.7126
12.4574
11.7353
10.7701
10.1267
12.8969
10.8788
9.05239
11.5515
11.3494
7.47466
12.9055
10.6736
9.64262
9.09795
8.72464
6.6979
12.9114
8.89533
9.41779
11.9251
8.14126
13.0292
9.95172
14.5513
12.3828
12.4658
9.826
8.63045
8.90237
6.78272
8.13856
11.1701
12.6272
8.63
9.2494
11.2222
11.2708
9.37676
9.85532
10.1957
10.3903
6.09921
11.2129
9.39104
7.79827
8.71061
8.15938
4.76885
8.64204
7.77229
7.74562
10.0872
8.74335
8.27361
10.177
8.58685
6.87344
8.25553
12.1097
7.20789
7.6038
10.6061
11.0082
9.47425
11.4545
9.91761
10.5883
9.20581
5.64089
8.09375
12.6264
8.26235
9.7306
8.4714
11.6119
12.4081
10.2539
10.5146
7.44722
10.9869
10.2852
9.57449
5.72532
13.0762
9.23423
8.86521
11.0318
10.93
10.3751
11.9647
10.5548
6.16439
9.59967
13.8012
11.0671
8.14065
15.4879
9.19209
5.61753
9.0265
10.0028
11.2764
11.9143
7.4091
10.8744
10.1504
11.8787
7.86592
8.38128
6.63932
5.97527
9.75713
10.8429
11.287
11.1933
9.72747
10.5677
9.60858
8.15241
12.6143
10.3398
10.0318
8.36599
11.6208
11.3148
10.1333
9.47061
8.37241
8.18853
10.6519
9.49849
9.99808
10.267
8.23453
13.6453
9.03272
10.1405
13.2646
9.15979
11.3335
8.36218
15.0909
11.702
11.9801
13.7104
9.8875
10.9738
10.3266
11.4772
11.3152
9.41333
8.24784
6.19425
10.2426
10.2553
11.2897
6.37372
10.8107
9.8364
9.52928
10.9497
6.0634
7.48283
10.6815
12.421
12.8998
8.76427
10.831
9.2657
9.64454
11.7173
9.35922
9.34218
13.0263
9.32402
8.61685
9.8504
16.6236
7.72395
9.46458
10.881
6.08367
9.76809
7.97622
8.63822
10.1048
10.1548
11.1652
11.6786
12.3058
7.34884
12.9583
10.955
13.8498
10.1284
11.1769
7.81531
12.9865
11.9364
7.05962
13.108
7.94287
6.50692
10.8595
9.70039
11.3541
9.11824
8.99473
11.6209
10.193
7.385
8.53379
10.802
9.02604
10.5309
7.57644
10.4731
12.9054
11.8829
11.1559
11.6398
7.41319
11.1815
9.8701
11.1156
9.53732
10.6224
12.5391
7.59516
7.08503
10.6376
8.44917
13.144
9.39367
13.1874
10.9353
10.5915
8.87196
6.716
9.63231
9.46408
12.0396
11.4771
7.79538
7.08956
11.5403
11.4262
12.0643
9.50268
7.89189
8.3568
13.832
10.8055
12.1178
8.82537
11.4015
7.36407
7.66433
13.1921
13.8742
13.7727
11.6641
10.1998
10.3164
6.24607
9.64413
7.83017
10.2478
7.49401
8.30545
8.87482
8.23995
11.1598
11.826
10.7022
11.1434
11.1581
8.22505
8.36772
9.02953
8.92549
11.1292
8.44712
12.6071
9.37433
9.20938
8.88264
10.854
10.9447
10.8585
10.1841
12.4011
8.88531
9.46896
10.6786
9.58097
11.7874
11.4533
9.38826
9.74878
13.557
12.9023
6.9342
8.1976
10.8218
6.64876
7.31327
9.29677
11.2751
6.25048
10.7537
6.56346
12.3518
11.6019
12.0565
6.98978
12.0284
10.5798
11.5399
11.5083
10.3025
10.3761
11.3752
13.2387
8.60344
5.06548
8.34043
7.96674
7.49357
8.27218
10.7038
10.5034
6.9877
7.48241
9.2317
13.5832
13.3597
6.59002
9.39406
8.33974
8.56175
14.5229
11.0574
9.04099
12.523
10.1074
8.99269
10.3414
9.92845
11.7658
10.3993
9.58505
11.2346
8.30873
11.3891
7.87954
12.1492
11.718
9.12928
10.0398
8.04153
9.42346
9.92712
11.0593
15.4054
10.0054
7.42921
9.495
10.7247
11.4394
11.8168
7.87236
8.20505
7.48217
8.75733
11.9412
9.77974
9.90378
11.1284
10.7008
9.19559
8.44487
9.16493
8.92051
5.85089
8.73722
12.2088
13.8494
9.67781
8.60885
9.22797
12.6835
7.25604
9.90296
7.62134
13.3075
11.44
12.3751
8.63118
11.331
9.34046
12.7306
9.74738
11.1015
10.3489
14.6382
10.2065
6.72446
7.24744
7.36041
6.72522
10.1935
8.70759
10.1699
5.91185
6.28353
11.132
7.49526
12.8081
10.6765
8.44169
9.68802
8.77459
7.05901
10.4332
11.2116
8.01078
9.10377
10.8592
7.04017
9.83218
10.0939
12.4983
8.32615
8.128
10.5603
9.278
11.045
10.5223
10.1589
10.4772
11.427
5.71252
8.95469
10.4555
12.226
14.7536
11.9468
11.6885
11.9358
8.25237
12.0604
7.90912
9.13952
11.3469
8.64132
8.89468
11.5544
7.21179
12.4159
5.78968
11.5124
9.44258
9.75287
9.4701
13.2265
11.9862
6.99686
12.3631
10.4062
9.83007
11.8911
9.45995
9.22373
7.51967
6.98664
11.9868
9.2028
9.52077
9.72168
14.7554
9.4728
9.67613
9.02087
11.4549
12.3622
7.96788
7.65639
10.6936
13.3094
9.48471
8.71086
8.78766
12.0605
8.98176
8.67493
9.43832
9.14919
9.18427
8.97509
10.0644
7.76318
10.7306
11.8088
11.5691
11.3894
10.0114
5.81462
10.4923
14.3787
8.18322
8.68079
9.33775
11.6692
10.6586
6.3237
10.244
10.6361
11.5426
10.7747
8.02543
7.63441
7.30975
9.64869
12.115
12.2497
9.72968
13.6569
11.5288
8.73368
10.5763
12.5694
7.4478
11.5399
9.69349
10.1613
12.9264
7.09053
7.37794
6.48442
13.5366
11.8913
6.98597
6.76191
8.1154
10.388
8.71026
11.2028
7.45131
10.3187
8.20109
10.0661
9.64345
11.9365
11.6399
9.52127
10.3491
6.18373
12.7887
9.03194
12.872
9.5987
12.8399
12.422
11.3912
12.8795
10.3358
8.07577
10.0311
13.3959
13.9989
7.95971
8.25914
8.91512
9.98523
8.73558
8.28942
10.8635
8.89837
7.97986
6.37023
14.1854
10.6956
8.40902
8.8792
9.39222
12.8752
6.92399
6.36961
8.46375
6.64664
9.82289
6.98949
10.6949
6.45309
10.4575
11.1242
10.7228
11.299
9.00926
10.8557
8.50121
8.3356
6.70597
8.09916
10.2845
11.6251
10.336
13.8007
8.96406
10.6741
11.758
11.3085
9.58157
9.86673
10.0153
11.1141
8.69448
10.5791
9.59029
9.80365
7.99398
9.87327
11.5736
15.7733
11.0478
8.46065
9.48892
12.5721
7.84208
10.0613
7.19146
14.2802
10.0247
9.34264
8.08966
12.4037
8.71783
9.95955
9.57239
8.6336
6.92904
9.23898
10.7506
5.57419
12.9442
12.0998
9.23595
8.77054
13.8375
8.32284
10.5595
8.49187
8.51342
12.2662
11.5948
9.84125
11.0353
8.92441
10.2462
8.06722
5.3532
8.70923
12.591
9.89897
7.79273
9.38001
8.67965
11.7613
8.81541
11.8472
6.47862
12.2335
6.82826
12.4351
9.22587
9.02042
10.9762
9.34288
8.26739
10.9778
11.3092
10.8296
11.5856
9.11161
9.86802
9.46456
10.4656
5.81925
14.4926
10.5593
10.3805
10.2872
8.7696
7.91248
13.3904
8.94556
14.152
9.86559
6.64531
7.24311
10.308
9.84086
9.52506
13.2278
9.1646
6.63358
7.48572
12.9781
11.5886
8.91409
9.97783
6.06466
8.3051
7.54944
8.04519
10.2208
11.1028
11.9794
10.815
10.922
7.28879
12.3915
10.635
9.23775
11.8232
10.3979
12.4488
5.84431
10.9045
6.39749
9.20158
7.76495
9.42094
8.48785
10.7015
13.6764
13.3339
12.709
9.18899
9.16472
9.02986
11.0759
14.2025
10.2055
11.408
8.74448
10.3838
13.1623
6.23685
7.37471
11.7092
11.6048
10.1582
9.65425
10.738
13.3027
8.90811
10.2714
12.4886
12.2
7.44108
8.90093
10.7074
8.28674
10.4009
10.3502
8.64672
9.91993
10.1748
8.21713
9.28674
10.0521
7.22144
10.4739
10.6137
8.36726
11.282
9.54564
10.9239
7.1977
10.2757
7.90216
13.1182
9.2006
10.0577
9.96991
8.02724
9.34734
9.8991
13.3338
12.224
9.629
11.1661
10.02
7.53587
7.51909
9.86888
10.863
10.0227
10.1521
11.5438
12.0602
10.3522
10.875
8.15725
9.89172
8.94672
11.1812
9.57271
7.83006
10.2861
6.94145
8.22535
10.7399
5.88582
10.8827
11.1618
11.3697
6.80738
9.53745
7.06465
9.7928
12.436
7.12669
10.087
8.06578
11.6425
11.8672
11.2999
9.80819
10.3444
12.7478
6.91523
9.54409
9.87509
7.9518
10.1671
11.0366
12.3153
8.97372
11.5072
13.8304
10.3703
8.31053
9.96599
9.83897
9.43438
11.5746
7.91175
9.26421
12.0651
9.33831
9.25659
9.35555
8.57362
11.2401
10.7491
9.9453
9.55952
14.1579
9.03071
17.0971
10.176
9.79412
11.1813
10.7153
10.0121
10.0233
11.9119
7.79234
8.97689
13.0223
9.77802
7.93946
7.33042
12.2199
10.3552
12.1394
11.4474
8.73981
7.32813
11.7316
10.8683
10.7005
9.99603
8.45067
9.63602
7.702
11.3584
10.9603
10.4066
9.18573
11.911
7.67784
12.2141
11.4459
10.5288
8.35882
9.31626
11.2021
9.02098
6.84658
9.94538
12.9402
7.30247
8.96102
12.2257
9.20181
7.5266
9.05866
10.5313
9.03134
10.6422
8.02888
10.8079
10.3444
9.72438
14.6393
12.7578
10.4255
7.83779
7.22904
9.58057
6.8363
12.9559
7.66321
10.469
9.86697
7.65648
9.60925
10.5857
11.4243
9.46089
9.92044
10.2893
10.7906
6.46839
8.49828
9.38129
9.15688
8.57395
13.5699
11.0429
13.288
9.83595
10.1385
10.065
10.7416
10.0985
11.3298
11.4147
12.1036
14.5508
12.4117
11.5579
8.59989
10.0342
7.39763
9.52111
7.01147
11.9473
8.26676
7.82839
9.43385
14.8024
12.2822
9.40957
9.00249
8.38579
7.84277
10.837
6.98366
9.51346
11.3493
13.4929
12.2659
11.724
9.75714
8.93793
11.3835
11.5204
6.0719
8.82119
10.1889
8.67871
9.90137
11.9525
15.156
10.5727
9.4966
7.72988
9.98449
8.88394
10.6049
11.5678
10.1344
9.29895
8.98155
10.3552
11.2264
12.2238
10.6106
11.4864
7.18329
9.85756
9.6698
10.3052
9.56622
8.90411
11.3024
10.75
11.4808
9.71728
8.53271
12.2339
7.75699
7.20421
13.4221
10.1293
8.53529
10.9039
12.6505
10.6138
13.2803
11.1018
9.16042
8.63714
10.3107
6.63358
9.27979
10.2904
9.67098
9.75978
9.988
10.7178
9.23124
9.44196
10.5144
12.4449
9.76269
9.12684
7.93453
11.047
5.7213
8.75364
10.3651
9.11137
9.53191
11.449
7.01396
9.91974
12.3628
11.6548
8.10936
12.0717
12.1342
8.45772
12.8964
11.5382
9.56004
11.4065
13.8837
8.49941
12.2089
7.97331
13.1341
12.7248
9.66178
11.7919
7.34212
8.7838
8.57629
8.15154
12.213
11.8903
7.9089
8.08385
8.68988
9.01483
12.0169
9.50527
12.1813
13.9454
14.7392
5.77198
7.40662
11.2418
10.3212
8.72109
11.4932
6.48037
7.93656
10.5896
5.31621
9.10294
12.0622
10.6422
9.83891
10.026
10.552
10.9175
13.199
12.6708
8.37641
13.8422
10.8636
9.50391
10.2629
6.58808
7.16033
12.2022
10.086
7.33997
6.51584
8.38508
10.291
6.59445
10.7616
7.4171
11.0696
9.745
11.7841
8.01787
9.53851
7.15558
9.66209
11.514
9.01034
9.20955
10.8931
12.0973
10.065
9.80193
9.88103
10.169
10.0613
10.1715
10.4065
11.6147
8.68959
9.54205
7.5388
12.2497
11.5932
9.36277
12.1984
9.98076
10.9259
9.11111
10.5029
11.1419
14.2766
8.31086
7.43038
9.33375
5.82941
8.35417
12.5675
12.187
10.2984
11.9483
12.436
11.6802
8.28113
6.03953
9.07145
10.4514
11.2385
10.8042
10.1993
8.65121
9.95426
10.4151
12.2673
12.8979
11.956
9.81718
7.0117
10.4854
9.65289
11.6164
8.75149
13.9696
12.588
9.59851
6.85011
13.1656
9.4939
11.0079
10.4247
9.16942
9.07075
8.00785
10.8882
14.1834
8.01029
10.9054
9.11217
11.7933
15.2244
6.13797
12.7584
4.00996
12.063
9.07574
7.48693
7.98626
10.9109
8.88685
9.87542
10.3413
13.0692
9.71254
8.42335
12.6576
10.7117
9.71597
5.25382
8.47836
11.355
10.9217
10.1244
6.98972
9.12782
10.7325
12.855
9.66264
13.8247
8.35102
6.80801
10.8566
10.3111
9.99501
10.4117
11.9578
8.40696
4.41281
9.10681
10.1942
9.19291
8.72189
11.7047
7.27168
9.32147
9.22311
8.40036
11.1978
7.03249
12.3454
8.25596
5.88355
8.62749
2.89735
6.74304
12.2559
8.29796
12.488
7.88626
8.15591
8.76245
9.01638
9.84206
8.92486
7.67919
11.8652
8.85224
8.44238
10.0784
11.5744
10.0875
9.11749
10.122
8.65875
11.075
9.38263
13.7779
10.0662
7.16804
9.42504
8.13439
11.6193
10.1076
10.5939
8.6372
15.1159
11.2904
10.4142
10.0592
9.96374
12.7322
6.41097
7.36856
10.2789
10.2515
9.73657
6.80959
11.3113
9.91155
9.7543
9.36429
11.3729
8.93883
11.8135
13.1883
9.09732
9.09661
6.42625
9.99118
11.3995
10.2339
12.094
7.03845
13.5946
6.52943
9.70262
12.1169
7.3902
10.6203
13.6126
10.9755
9.45193
6.17321
10.4417
9.77495
10.1189
8.86598
11.4763
10.742
9.63998
11.0123
6.50397
11.1244
11.4464
10.882
9.33625
13.0852
13.6031
12.6754
8.68004
7.94277
7.55304
9.50232
8.30118
8.66576
13.2746
11.0014
9.23797
5.84049
13.0949
10.7469
9.79363
9.42573
9.16823
9.57966
9.62574
11.6042
10.4366
8.17167
9.41516
6.42402
10.2546
9.50849
10.7484
9.45539
9.56739
12.0804
9.25961
10.6283
11.0227
10.5484
11.9203
8.90586
9.2715
12.8039
10.4176
9.24437
9.1658
7.71013
10.9317
10.7809
9.59492
7.55986
10.0005
10.4563
11.0124
11.9217
8.74964
8.49654
5.25885
9.93875
9.65128
11.0995
8.05006
4.83234
6.84726
7.56422
10.8727
12.3514
9.34644
9.78042
10.637
8.67864
14.566
13.6695
14.1254
5.98686
11.415
10.2156
10.8747
11.9809
11.1307
10.4078
9.67152
14.2191
8.70762
12.0721
8.90162
6.30356
11.2998
13.0915
8.62041
11.6551
12.3708
14.5201
9.20769
11.3709
12.7577
11.2779
12.8375
7.67443
9.03957
10.0924
5.70037
13.026
10.7662
12.1497
8.84717
8.80995
9.59435
9.74548
10.0624
7.15242
10.3792
9.61131
13.9516
6.43474
8.6916
10.5547
9.09303
10.1041
10.597
10.4283
6.42606
10.2209
13.1701
9.85125
7.42254
14.3063
8.16392
9.76991
6.72695
11.3261
9.61629
10.6073
11.1759
13.921
8.86827
9.39057
8.68222
10.5428
10.4048
6.89751
9.22885
7.71959
7.54111
11.51
13.2687
8.93432
6.52529
10.4426
13.3212
8.77388
12.8181
8.41188
9.17591
10.7579
9.09324
7.92403
10.9285
10.9332
11.5325
8.62468
11.3298
10.1934
8.91588
10.078
12.4046
10.9978
10.4213
12.2651
8.18409
12.3586
13.026
12.6982
10.5907
11.1113
9.33344
11.0894
7.99106
9.33748
10.1053
11.2043
11.7132
9.44566
12.4989
7.3618
7.19131
10.8051
9.05485
11.1804
9.10556
10.3984
10.0983
10.4656
8.80496
8.04202
7.61858
11.7676
9.53382
7.68771
7.83169
9.0296
8.27293
7.35778
11.3728
8.61276
6.9052
10.4971
11.0222
8.16753
8.5361
13.228
11.8782
6.98454
12.625
9.35409
8.22043
11.2679
10.4724
13.3618
7.09679
9.07185
10.3926
11.6666
10.6272
8.57368
10.6886
8.50491
7.69987
13.4712
11.7634
9.10207
7.17607
9.17886
8.52801
8.69734
9.13284
8.50727
8.56025
9.11486
11.5825
10.2885
15.0548
11.6865
7.17659
7.95081
8.03973
9.73464
13.4595
9.56986
7.08284
11.5252
8.92309
11.0878
10.3434
8.39971
6.20069
13.5875
12.9074
8.53925
10.9789
11.6411
11.6071
15.5769
8.36936
6.77338
9.01341
8.66205
10.2777
13.4815
9.12209
12.8523
10.2963
12.2853
10.7381
11.9415
13.3861
9.71084
11.8143
10.8485
12.5378
9.09351
8.86635
11.6327
10.384
10.5813
9.5914
10.7087
10.2541
6.21286
6.78319
6.32484
10.6144
9.129
7.73535
13.7123
8.25501
8.89194
8.12864
11.8037
6.26551
10.2314
9.7795
8.10198
11.3453
11.1491
6.84504
5.13826
11.1112
9.67678
10.8982
9.9576
8.28421
10.2154
10.0967
7.43162
10.6901
12.9297
7.78264
7.81681
11.5591
8.35063
8.26818
9.70598
11.0499
8.85731
5.21603
10.4476
10.9598
10.2517
9.91255
9.49474
7.99166
11.2063
10.0099
5.73685
10.2437
5.53704
10.815
10.8898
8.31422
12.9035
11.3482
7.61249
11.4314
9.72475
10.1909
9.78326
8.02958
9.18557
10.2434
9.67881
8.55336
7.60362
11.1449
13.1953
12.7774
13.1616
9.39724
10.7018
7.9377
10.4883
10.8805
7.47834
12.0515
9.77194
14.2139
14.5129
9.37185
10.5373
10.6713
7.59317
11.3799
9.26448
9.29643
12.9303
12.6528
10.1421
13.4407
10.9781
10.8669
12.0822
11.8288
12.2463
11.9849
8.24749
8.48765
11.544
9.51124
9.82448
10.9142
11.7818
5.61918
6.18621
12.3405
11.0973
8.79812
9.80898
7.84024
9.02516
7.97356
10.4643
12.0458
13.1903
9.63726
6.63558
8.79499
9.74192
10.3699
9.4805
7.6624
10.7621
8.91575
8.40583
10.023
10.5319
9.78473
7.81475
12.1384
7.31053
10.2963
11.2118
7.4667
11.0985
11.5383
8.28811
7.39516
9.59374
8.91526
11.5243
9.5828
12.913
6.85352
8.83252
10.0231
7.59206
11.909
13.1412
13.6785
7.56451
12.9421
12.0755
7.10309
13.3224
12.925
10.4805
10.1593
9.92733
7.29586
8.69371
11.9885
8.82431
15.133
11.2451
10.8218
10.0355
8.64025
11.1523
10.8773
8.3404
7.39793
7.08498
9.05214
13.0968
6.60543
10.3966
10.0567
5.86882
7.00742
10.9616
11.875
10.1737
8.24869
10.7299
10.8821
8.14803
11.0756
12.0341
11.1492
11.4267
9.50901
7.91469
11.7312
10.8478
10.0045
12.6277
9.29763
9.59969
9.95085
7.04602
7.87172
11.3042
12.0595
6.75571
7.58589
12.0287
10.1571
9.91087
7.54371
10.3463
5.83174
6.72428
10.5212
10.501
6.98165
8.0639
9.70858
9.30606
11.1617
7.96229
8.88748
9.87322
6.64733
11.8874
9.92106
11.4202
11.2745
12.9854
8.28689
10.0381
10.7784
11.3263
9.48089
11.8803
9.68715
7.61294
9.99815
8.93754
9.43186
9.44121
9.43585
10.1229
11.0988
9.08077
4.91707
9.64006
8.05109
11.2588
5.77817
9.86477
9.75148
12.2552
9.55437
9.90266
5.87919
8.32592
11.1911
13.2695
9.43715
11.5546
9.64886
12.9775
12.7655
6.54073
8.36952
11.2496
8.67828
8.49212
13.4387
8.34966
10.5937
6.70917
5.2808
5.1567
10.6119
10.616
10.1831
8.09479
8.27288
10.5684
9.64567
11.5932
9.61812
10.6778
6.44517
7.43571
9.23158
9.25858
11.5515
6.02016
7.67302
7.72216
9.89279
8.54999
8.7102
8.95402
12.0345
11.1852
9.78183
10.419
8.61124
7.5907
15.3755
9.83252
8.86467
9.45915
16.5206
6.213
8.45297
8.45925
11.0165
11.3933
9.04624
9.53602
11.9903
9.08616
11.8363
10.7013
8.91783
9.26291
15.6772
9.82879
10.2355
9.14756
8.17034
10.0379
6.49984
7.97
9.84177
4.6716
12.2308
10.1612
11.4749
9.06536
8.32809
11.7069
10.907
5.47204
7.03246
5.67798
10.3941
10.1573
9.34165
8.30838
9.89417
9.38036
13.0824
8.99435
6.41169
10.8154
7.64037
9.44793
11.993
11.3893
12.5738
9.73458
10.966
10.9587
11.0723
8.68322
9.34236
12.7825
11.0861
7.02994
10.7525
11.0141
10.435
8.94049
12.3257
6.63106
8.52572
10.4229
11.3752
7.5145
7.35974
12.4041
11.1632
10.1826
13.1601
7.80186
9.44193
11.2115
9.20018
11.4642
8.98662
7.87382
9.3379
11.756
11.782
10.4645
10.174
11.0624
7.67421
11.1421
13.5299
11.1106
12.8239
10.9586
11.5124
10.6744
10.832
11.207
9.42735
11.0062
6.76175
10.5774
9.2627
11.3489
7.16231
7.37047
6.19132
10.7288
10.9492
6.07689
10.074
10.6649
6.98027
8.8904
7.00896
8.99121
6.99306
11.7448
8.57713
10.6772
10.9632
9.62106
11.6336
12.5905
9.2454
10.2831
7.63904
8.41959
11.4876
4.89681
11.6472
11.1625
11.108
8.23702
8.55128
10.7043
12.7788
7.48961
12.6264
12.3275
11.8445
10.6773
7.38611
11.7689
11.7185
9.77154
10.066
11.6674
11.8071
8.21318
7.5851
11.4557
9.02192
12.0199
9.3959
7.30417
12.2256
8.79573
11.7344
9.44239
8.7305
9.68775
11.0959
11.5377
10.3841
9.19542
9.65324
10.0856
10.8854
10.2575
11.9046
6.97343
10.7265
12.2816
8.1953
5.61694
8.89992
12.0685
9.51919
12.1475
9.75418
13.3998
14.5073
10.3543
11.1553
10.5877
11.6843
12.9391
11.1698
7.4981
9.19604
11.2981
8.00034
8.84897
10.1154
10.0907
8.82647
10.7818
9.31707
9.65365
5.43125
8.32209
8.22065
9.9757
9.14962
8.47573
12.8663
8.26364
11.4145
13.0635
11.8285
11.009
10.3163
10.8069
8.12762
12.1504
3.73429
8.75289
9.8647
14.451
9.33925
10.9475
11.7177
8.7402
11.7036
8.89473
10.6449
10.0525
9.51246
7.86638
9.68591
9.79573
8.20849
8.84235
10.304
7.52926
12.4379
13.3045
12.6685
10.3926
6.79667
10.0945
11.1379
4.90795
10.0579
9.00903
10.8936
9.9848
9.56641
10.0727
12.8704
8.38159
11.1639
10.7087
8.66824
9.77206
9.41316
12.246
9.04243
11.6336
10.7393
11.452
6.01975
8.87611
10.1235
10.6663
6.93262
12.0985
7.04043
11.1252
10.1404
7.35476
10.8586
5.5767
6.62866
11.6354
11.6945
6.76156
8.57661
9.60937
9.16278
11.9836
11.191
12.0778
9.84809
9.67181
5.85418
11.193
11.6898
14.108
5.27217
9.41083
6.8675
9.31458
10.7255
10.4837
9.03861
11.0181
10.0172
9.7152
11.3165
9.18808
12.6271
13.8731
10.1929
10.0088
7.71522
8.22172
9.13401
8.57015
11.7332
7.47244
10.9368
8.25203
11.7327
11.6084
8.41791
6.19962
6.1549
12.2989
9.99154
11.8429
6.6969
9.75498
15.2278
14.4457
12.7224
10.8429
12.2533
10.2902
13.7703
8.03393
12.3802
10.8082
12.0528
10.3163
10.6783
9.47055
11.0412
11.0409
8.24727
11.0272
9.46163
11.536
11.1958
12.2558
11.2878
9.31407
10.1486
7.54002
11.7095
10.1256
8.4868
8.5547
11.3244
11.0733
10.2397
7.22028
6.60079
5.87057
8.12466
13.6302
8.55806
11.8094
11.2071
7.84078
14.3502
8.03652
14.2654
8.72322
9.76691
7.39871
10.3642
9.63999
8.0437
12.0987
8.71497
10.281
10.8806
9.96017
10.3015
8.93989
10.3056
11.898
10.5899
11.9857
7.1725
14.0249
10.6149
12.0859
9.50513
8.08159
10.8487
9.93533
7.57654
7.19343
11.4815
8.13058
11.6927
11.1087
6.77348
9.25053
9.56172
12.4644
8.53265
12.2227
13.9822
11.5154
8.48586
10.7045
9.78171
7.96075
8.44246
8.24791
8.86963
7.58276
9.26378
8.213
11.2713
7.6993
12.4829
13.7445
8.14042
10.6649
10.761
9.78954
11.9344
9.82282
10.6736
7.05442
9.08214
11.4246
12.0782
10.6323
12.0862
12.0612
8.34522
12.1302
8.48323
12.6501
11.861
10.3813
5.51691
12.345
10.7736
13.8695
7.14608
9.41218
10.6493
10.2135
11.4487
7.3532
10.8838
12.8888
12.3799
8.58265
8.90711
7.15188
9.97544
10.2242
11.1544
10.1272
9.52564
10.9499
7.91184
11.8289
11.8137
9.98556
10.691
8.7588
8.69436
13.0191
8.96024
12.2145
9.09445
11.8026
11.0989
10.6268
6.68129
9.1634
10.8649
9.02019
9.68876
6.63564
7.71329
11.5444
9.19784
9.40148
13.2905
11.1862
11.6339
8.76056
11.714
8.28954
8.28159
11.3078
7.95612
11.2145
10.9722
11.0191
12.6889
10.7884
6.93349
9.84399
7.26347
11.2311
11.4705
8.98915
9.3522
14.4237
6.29081
9.17029
11.545
10.1831
9.98008
11.226
14.0015
9.97795
14.4686
9.54066
10.5714
10.9512
7.95418
7.73215
9.65596
13.839
8.18665
10.8783
11.5573
9.50814
14.0979
9.80327
11.6087
6.88723
7.28531
10.6191
11.4793
8.20263
9.55553
11.6004
9.58915
12.1805
14.3253
10.2256
7.50191
10.6826
7.42545
10.1628
14.014
7.18119
10.1984
13.6683
11.7792
12.4991
10.7517
6.11142
9.52538
7.11503
8.89963
11.1811
11.081
6.91515
7.84417
11.4241
12.9698
8.96804
11.7397
13.1648
13.3787
8.37137
11.2052
7.46637
9.19235
8.62913
8.929
11.6333
8.87163
8.82694
7.4525
8.27345
7.84801
15.9792
7.42905
9.12971
10.8171
9.28495
9.07044
10.884
8.23828
10.4941
10.0693
12.3563
9.13504
8.5752
10.397
8.62351
10.796
9.27611
9.05377
8.61336
11.8507
10.959
9.81806
9.19392
9.49358
12.0386
9.66139
8.9987
8.09418
12.313
10.1204
10.678
6.92457
9.4404
10.2664
8.96165
12.8922
12.0784
10.542
13.5127
10.8895
8.11538
7.07288
10.5355
10.2928
9.04019
11.8245
9.89656
10.1579
11.3394
11.6539
11.0124
9.85833
8.04301
7.00056
7.203
7.37021
10.8132
8.29879
10.592
8.9508
10.7452
9.57518
11.0076
9.3213
5.17913
13.24
12.345
9.39805
9.40979
10.9173
7.8943
14.9914
10.5213
6.21709
5.87762
6.37909
10.2406
6.97598
10.592
7.84397
6.01945
9.74828
15.0563
10.0506
10.6085
7.07548
9.00002
11.2845
8.00315
9.51866
8.71577
10.2082
8.35858
11.1628
4.86163
4.77394
11.0901
8.90302
15.6202
11.1788
11.2263
10.4655
14.1486
8.87204
11.9856
11.7461
11.2369
9.87722
8.18484
11.7408
10.0623
9.40931
9.51208
9.03714
14.2575
8.5317
7.71129
13.5082
8.24062
10.8066
12.321
8.41454
12.9376
10.9872
11.6321
9.02304
6.20626
8.54696
9.30811
6.76124
6.67938
9.00428
9.77141
16.2468
4.13418
11.7155
10.7749
11.8149
9.04164
5.94993
6.67259
9.09715
13.2744
6.89061
11.9147
9.29113
10.258
11.6835
10.147
9.14695
11.1483
8.74872
11.7578
11.2781
12.3733
11.5991
10.639
9.70519
8.47828
11.057
6.6644
9.68785
9.87396
6.27917
8.24777
9.10958
9.20767
12.4269
7.96367
8.44404
10.1058
10.6385
9.14317
9.43706
10.1316
10.6938
9.4629
9.13094
9.41689
9.77682
6.29272
10.2181
11.4677
8.47628
13.3839
8.69762
11.2279
7.90859
9.60401
12.5333
12.2814
10.2009
14.4253
11.6375
9.04455
8.35752
15.2686
12.896
7.31469
8.37408
9.4228
9.5303
10.9842
8.82731
12.8722
11.1354
10.5335
12.5258
11.0057
12.7086
8.59483
10.8121
10.0601
10.458
11.9497
7.57841
8.46666
9.19445
12.0905
8.6571
9.8794
10.0127
11.34
10.0024
8.85528
6.81359
8.5281
10.4043
7.56413
7.37899
10.5609
9.34911
9.70583
8.58603
8.72318
7.04253
9.54109
10.2409
5.2192
9.94085
7.08586
6.70964
5.7502
12.8127
12.1355
14.5578
11.6539
14.3052
7.99088
11.8132
13.3064
10.0358
10.3304
9.26267
13.1137
12.1531
10.9229
9.11838
10.4705
9.5781
13.7571
9.00458
9.25693
10.1784
13.0061
6.77454
9.98475
10.3595
7.56043
6.36393
12.7263
12.3315
10.8784
9.85539
14.0162
13.8239
7.13222
9.04485
12.8685
9.42607
7.39575
10.2204
9.49955
7.53301
11.4645
9.94819
8.96429
7.93871
12.6017
8.64832
8.5845
10.9242
11.4491
11.474
11.5989
5.16069
9.17618
8.93327
9.48392
11.067
9.23636
7.34371
10.4087
9.4553
9.36134
8.14992
7.20124
11.3762
10.309
12.2163
11.0467
13.6666
9.45791
12.6154
8.52768
10.5689
9.60161
9.2806
9.89267
10.1244
8.0864
8.17195
10.3528
9.80201
11.3952
7.82912
12.103
7.57574
13.7436
10.8843
9.71318
10.6248
8.74239
11.8652
8.1333
6.19126
8.15013
8.7783
11.0668
8.08907
13.9541
7.94729
9.46975
7.05002
7.63575
9.72773
12.5229
9.45171
10.7391
10.5472
9.62951
9.63687
8.131
7.16043
13.455
9.55135
8.82025
7.97996
5.50619
8.6878
11.8211
10.8458
9.57483
6.51477
7.05098
10.6249
10.371
11.199
12.102
9.56566
13.316
9.84554
8.96058
8.86873
11.9681
10.0675
8.55577
7.56148
7.34498
8.99338
8.44907
10.4599
8.4743
9.39198
8.67636
7.38869
7.37905
9.70572
9.8361
11.3125
11.5938
11.1069
9.53813
8.73692
12.9385
9.48203
9.53391
9.27539
10.4293
10.3959
8.08373
12.2605
7.8691
11.9822
11.2194
12.4827
11.3749
12.532
9.82014
11.0226
9.02703
13.0042
8.70843
11.0523
11.4695
10.8241
9.82933
9.31512
11.891
9.57628
10.5947
12.3954
10.5128
12.4473
10.1496
9.17268
12.0405
7.73809
13.0847
10.5335
9.96323
11.0773
12.0029
10.6882
9.56906
8.74257
12.1348
5.41395
10.255
12.9582
4.95601
11.1794
10.0797
7.65174
11.0347
6.266
12.6462
10.9458
9.19125
7.74814
11.9429
6.86015
8.78184
11.2186
9.95294
7.32119
9.90894
9.16364
15.5051
13.6409
11.2353
10.1296
11.0104
10.651
5.90965
9.13719
5.68939
9.26314
7.61668
12.3904
8.84025
8.55007
9.54086
11.0032
9.48711
13.0606
9.21345
15.3967
8.79273
11.4948
7.74455
5.86255
8.97541
6.9756
6.9741
7.15887
5.73129
9.40618
8.64064
9.32003
7.27095
12.6375
10.3515
9.27174
7.6811
6.34848
10.3956
7.92436
8.18275
9.28872
9.90618
6.28325
8.07628
10.4744
12.7355
7.46456
8.79796
14.1735
10.418
11.1181
9.11686
7.07684
10.8916
10.9262
11.0211
12.3682
10.8401
7.34495
9.61629
7.83062
11.7267
10.5528
10.0023
10.4023
10.8871
7.19674
8.68413
9.63147
12.9952
12.9677
4.71369
14.1456
9.68245
11.5311
12.2438
11.4101
10.0428
8.69233
7.41492
10.3003
9.4486
10.588
7.95127
9.46206
10.1204
8.2515
13.9617
8.61787
8.30846
10.1297
11.7452
10.731
9.27062
12.001
9.18704
11.2747
10.4894
11.8257
12.1591
12.0692
12.9657
11.3936
12.4414
12.4622
9.85884
11.0542
6.81768
8.78132
8.50112
11.0453
8.42693
10.3114
11.174
7.23236
11.3006
12.5358
11.4692
6.98778
9.25474
10.0395
12.607
12.8734
9.71348
12.0013
7.85028
11.6581
14.4184
10.0536
14.5178
7.13737
6.07887
8.00905
10.6312
9.80014
10.7465
10.0618
13.4005
10.2805
9.82331
10.1541
13.4128
8.02326
9.17842
10.9691
9.72772
9.06609
8.97966
6.60141
7.19621
11.0975
9.82669
10.0573
7.89402
9.50975
13.2172
11.0413
10.9405
10.7861
9.01386
7.06934
11.1466
8.89526
10.0971
10.7772
14.0075
11.3947
9.92238
10.5655
9.86158
10.2944
6.55596
10.4831
9.33401
9.83372
12.2768
11.901
9.72724
9.16365
11.8056
8.43426
9.98593
12.3617
8.79702
6.55304
8.1177
5.62212
8.04894
12.5961
11.228
13.474
11.4529
13.0616
9.14209
9.86844
8.84603
11.5237
11.9811
10.4821
9.00652
7.61301
10.0716
10.9175
8.21428
12.2232
9.27503
10.5317
12.1752
10.8139
10.7672
11.4743
7.14806
13.022
11.2904
8.42395
9.05009
10.7078
9.78274
5.01489
8.42515
8.48574
9.52571
9.11122
6.8548
7.21786
10.1917
8.46289
10.7699
7.0459
12.3205
10.28
11.6385
5.96432
5.00318
14.0832
10.8465
5.69641
8.78057
12.5743
10.9811
12.0374
8.47993
9.62792
8.37239
12.9726
7.42346
9.64613
8.68373
9.11826
10.5769
10.5716
10.1265
11.3489
11.2863
9.59754
10.7508
9.14309
14.2716
8.64127
12.4814
10.2489
8.60806
8.59432
11.712
5.85026
9.73609
9.31735
9.70503
10.6471
6.1254
12.8208
7.44668
11.3304
10.7414
9.51108
9.17032
9.26576
10.4053
8.76417
9.69992
12.3796
7.40248
11.3788
12.5786
4.78501
13.9363
7.9094
9.39763
13.6539
9.04843
10.4232
13.5531
13.2939
12.002
8.22111
10.6425
11.2974
10.0567
8.79222
8.43873
11.3473
10.1078
9.04548
8.58263
10.1376
12.8504
10.9913
12.5937
7.30812
7.38802
8.32306
7.3753
10.8625
9.31957
9.58485
13.2391
9.58021
12.5177
5.76457
10.2103
9.47516
9.79656
11.7609
14.4053
8.94394
11.141
7.99739
9.80248
6.54591
7.22458
13.3425
9.62471
6.58865
10.7344
9.29094
8.13388
13.6347
6.64106
16.8063
10.9216
7.3041
11.1823
9.12462
12.0523
9.26146
10.2976
15.1359
10.1784
7.37837
9.0864
8.74023
12.8811
10.777
9.30495
12.9592
9.62836
9.46487
6.53322
7.64056
7.86823
7.90578
8.75834
9.90773
11.774
8.37925
10.6531
11.6429
9.96753
8.28291
9.34224
9.58577
6.56678
10.3632
8.57078
11.3744
8.96729
7.77033
11.178
10.3313
12.6843
10.6058
8.29077
12.8688
7.04247
10.553
7.47855
11.5295
7.78149
11.3291
10.1034
11.2215
9.5159
10.0285
8.87205
13.2702
12.1611
8.06047
12.2623
6.98683
5.12488
13.1681
9.59969
9.80116
11.0702
7.26214
10.9129
7.78688
10.0386
11.4165
8.01047
10.9663
11.5356
9.68992
10.6033
10.4673
9.02177
11.9262
11.9454
16.8579
9.41449
5.78904
5.75039
12.136
8.69022
8.97522
10.7675
11.6696
9.91503
10.1471
8.24419
7.91779
8.92724
12.3424
8.94691
12.3751
10.2966
5.47136
10.017
6.84699
10.6609
7.74584
9.73595
11.3587
8.72458
11.4621
7.95362
8.73709
12.6565
10.1284
11.0165
6.66085
10.9513
7.45367
10.1829
13.2475
8.75613
8.72989
9.19277
10.0276
12.3766
8.01902
9.23862
10.6147
7.03916
14.7813
12.1248
11.54
10.8884
10.0017
9.4744
7.96301
9.9491
8.84458
8.52524
7.89111
11.3366
6.37413
9.59411
11.1597
9.92142
16.6874
11.681
9.47116
13.2508
10.5546
11.6423
9.51627
13.4336
10.4859
13.1858
7.2617
8.37928
8.02875
7.37342
10.6674
12.0733
8.26569
13.6367
11.8776
13.6657
9.12528
11.07
7.45431
13.8962
10.8604
14.604
11.9883
10.3163
10.9497
11.6515
12.3444
9.3257
10.8561
8.83384
7.19966
10.1918
10.4619
12.4088
12.8886
5.77391
7.34611
8.2719
8.70262
11.3221
8.73233
12.249
8.45151
9.06894
8.85948
10.2874
7.51384
7.83238
7.16482
15.4078
12.2649
6.90236
11.7626
7.28098
10.3517
12.8499
6.88909
9.36668
8.8582
11.141
10.0509
11.5965
8.56704
8.40635
7.06478
10.2544
11.9405
8.69738
14.029
6.07482
10.8672
8.79562
10.9615
7.89556
8.20581
8.93149
10.9001
11.0631
12.4495
11.2434
9.58247
12.1995
9.48117
7.88266
7.76614
13.1896
11.6851
7.76708
9.4595
6.83216
9.24411
9.18738
10.3585
8.5462
12.9132
12.6103
10.1381
7.38453
7.83984
8.39136
13.1479
12.3417
6.12857
11.1407
11.2201
8.72263
11.0241
11.166
9.39529
9.22068
10.6896
10.4783
10.9913
8.14449
6.00219
6.38745
9.08532
9.43239
12.4432
11.2971
6.46058
9.05342
9.51215
10.9304
9.45844
11.4001
9.13528
10.1225
10.8856
9.38189
6.59099
11.3919
14.9618
6.66446
7.35702
12.2723
8.44401
9.66723
10.8255
11.5709
9.27342
9.43371
5.69402
10.1149
7.69888
8.87622
8.42774
10.6381
11.5357
10.394
10.1118
9.77034
9.89037
12.4902
9.30199
9.12246
12.8739
7.04387
8.1713
10.2491
9.64349
8.54409
11.4993
8.92942
9.7298
7.55442
9.04473
11.6334
8.90596
9.16224
12.5352
10.8556
11.782
12.0748
10.1313
12.1402
8.00545
11.3591
13.8893
10.844
10.6112
13.4197
9.89576
10.7874
10.3648
10.7933
14.6787
9.05604
11.4019
7.00624
13.2333
7.86137
10.2777
9.14036
9.06207
8.57865
11.9826
7.22093
7.92893
7.9885
11.6326
9.74241
8.23282
9.57262
6.50911
10.0382
9.27237
10.6552
7.53343
13.1544
6.94565
12.4022
7.14302
8.84787
7.11813
8.06104
11.7422
8.31435
10.9733
9.92903
9.13418
10.3015
11.3607
9.85082
10.8812
11.3883
12.508
11.7021
11.147
8.91938
9.02309
10.5717
7.43885
9.6976
11.4702
12.045
8.42756
12.0382
10.6997
10.561
11.7637
10.0875
8.99513
10.4126
7.9611
10.1058
9.45769
6.74855
8.56054
9.48239
7.14084
9.47228
9.31965
8.70556
7.38482
9.28922
8.76073
10.4789
10.5306
11.3031
9.38069
11.2212
8.06609
11.0232
10.433
13.6994
13.1765
8.60395
8.97892
9.53836
10.1532
8.9486
7.65379
7.57991
4.62133
8.48052
8.1895
5.64068
13.9868
7.24371
11.8203
12.5875
11.277
10.7909
12.0058
7.70994
13.7037
10.842
10.4741
9.52256
14.3952
11.5387
10.0615
12.4272
8.63888
5.77263
8.41426
12.909
7.18659
11.551
11.9981
8.41327
11.4396
10.0869
9.9116
11.4897
10.1358
7.08651
11.3347
7.60385
9.33089
9.04992
12.1754
5.69339
9.88061
13.7248
8.5571
9.80421
9.02595
8.86369
8.43497
10.0001
8.72413
9.01036
7.80567
9.1991
8.96377
10.1652
9.13168
8.20453
8.15687
7.59296
7.31845
10.9208
9.00012
14.7583
9.14853
6.27345
15.2789
11.942
10.6781
6.85287
10.6401
6.66306
7.24133
11.603
9.32434
11.4435
9.09328
10.6084
7.27988
9.23145
10.3888
10.4763
8.30499
10.2118
10.112
11.3961
10.8312
8.00244
9.98757
10.071
5.53753
9.12996
8.4185
10.2153
5.58587
9.28127
9.52249
11.4766
9.23339
10.968
11.3265
10.5827
9.23347
9.54874
9.24496
12.8039
9.91881
8.59879
12.5064
10.8857
6.39497
11.8808
7.17985
5.80457
10.8148
11.63
9.98788
9.48271
8.42276
9.13036
10.2664
11.3771
10.3222
12.012
10.6276
7.80474
8.94779
8.21736
6.54829
9.58149
8.79642
8.76484
7.53438
9.71125
8.04829
7.24421
8.10622
12.231
10.9056
5.72141
9.38697
6.99538
11.0791
7.95198
7.75943
11.3628
7.93352
8.69673
11.4912
8.27925
11.549
9.95053
7.37876
10.4079
7.25177
10.7054
7.75306
15.0251
9.80473
9.74064
6.21995
9.22413
11.8861
12.4214
7.54914
11.8215
13.7665
9.89182
8.97433
10.6076
8.96638
8.9648
11.2343
9.40062
12.8335
8.79965
8.76442
4.90649
9.81539
10.9451
10.5799
10.2969
9.4767
6.98421
9.90242
9.64943
9.75435
7.9364
9.90692
12.0703
8.69687
13.7532
8.61711
10.9349
7.61165
7.74638
12.3529
9.78629
11.5435
7.69734
8.37213
11.6234
7.10839
7.76645
10.4975
9.01282
11.2809
8.85857
8.33144
12.9897
12.0392
6.88134
11.42
8.75885
5.40456
9.37259
13.5412
12.8357
10.6535
10.3959
10.2274
7.24354
9.24397
10.2176
8.76771
8.18596
5.52228
9.15233
13.6525
11.1676
9.51017
8.48621
7.6037
17.3931
8.60108
9.08873
9.12351
9.13369
9.30109
9.45341
11.4666
10.1754
10.5265
12.8408
10.6125
10.1258
8.7344
13.1749
10.5778
9.50871
10.1592
8.97542
10.4031
6.62058
8.03333
8.6283
10.3909
9.42008
9.85999
9.77369
15.3046
13.413
9.04882
11.1716
10.0524
8.5375
11.244
6.56018
10.3787
11.8732
10.8683
10.5956
9.75303
7.78695
11.1643
9.86659
10.6179
12.809
10.2361
10.3228
11.4651
5.90858
6.88388
10.1769
9.35636
8.92934
9.91666
8.31231
9.95747
13.0382
10.4609
10.3636
13.0392
8.28198
10.2046
12.8576
9.6275
11.1095
9.74766
10.3785
11.4494
8.12098
8.23747
12.0034
13.1892
11.5938
9.41027
8.53487
12.907
8.70371
12.0391
9.5406
9.50323
11.0393
9.61442
8.10533
11.7053
11.6962
8.9083
9.66043
8.41814
13.3927
9.68676
11.5169
9.60746
15.6389
11.859
11.6288
7.67685
8.25322
7.72691
11.5514
10.1686
6.71597
8.89931
15.4561
9.54932
10.4244
12.0873
8.72964
10.6199
12.4126
6.9864
8.79964
12.5513
11.9713
16.1484
8.72195
9.63085
11.337
8.18895
9.92109
11.309
10.6107
9.43946
8.0242
14.1061
13.2905
9.96442
9.86557
10.8703
7.44002
6.21522
6.50193
9.32124
7.54091
11.5931
11.1554
8.32161
9.61431
9.62605
12.1138
12.2858
8.18456
9.68125
13.7038
9.71827
13.3985
14.3295
9.48379
9.61164
10.4469
8.67169
9.01013
7.24666
8.57625
13.19
8.91315
7.35094
10.1409
9.0332
8.83832
9.33783
11.3611
11.2694
8.44782
8.37646
11.9132
8.24479
11.2822
12.9514
6.14952
10.8914
9.43957
8.37175
12.2626
9.12288
9.66307
12.2299
12.5844
11.3854
9.78264
8.92409
8.56203
14.4666
11.802
11.9124
10.9018
11.4766
7.44517
