8.3853
10.6883
9.54903
8.79148
11.0238
10.3697
10.8021
9.47003
9.83512
9.02287
10.6868
11.0015
9.03455
14.1302
11.0671
9.51464
10.8026
8.75683
8.06887
12.9794
9.7736
11.4856
10.3506
9.3607
7.63266
12.3092
7.91186
9.13358
12.9655
10.2801
9.44389
11.7983
7.32824
14.2839
8.089
7.04022
8.47854
10.7906
9.43434
9.36383
13.1416
11.2259
9.13356
7.9575
8.11727
11.2982
9.8641
8.48938
9.32233
10.7379
3.6946
9.77782
8.99353
9.25723
12.1486
12.0774
9.72695
12.3641
11.429
6.56066
8.71966
9.72809
10.3166
8.93763
11.2039
10.8205
9.68921
8.88883
9.04257
11.4178
11.5583
10.7237
13.0557
9.84237
8.68658
4.8744
6.41517
8.24349
10.2476
7.43234
12.6289
8.1877
11.9337
11.9732
11.0765
6.56502
12.0602
12.6356
5.79044
10.4706
12.9753
8.88785
14.1455
14.3181
8.7388
8.05295
9.81504
7.74144
9.39873
11.4599
9.72823
10.2762
14.4082
9.43422
9.53864
10.0415
9.15707
11.0101
10.5644
8.92203
6.19479
10.2189
9.35578
10.3365
10.2253
10.7503
10.4366
12.8323
12.464
10.2426
8.5032
7.67924
11.1217
10.9482
7.17266
11.5824
11.5867
13.6799
10.3534
8.10086
12.3864
13.498
7.31969
5.24019
11.3974
11.5281
9.96193
6.12854
11.2799
11.7316
10.2779
7.49761
5.19926
8.36554
6.5179
11.3102
11.787
8.83685
7.93305
8.51038
11.5512
9.55755
9.13745
10.1343
11.2984
14.5099
10.6282
11.5359
10.8735
8.92088
10.6454
12.8173
10.4124
11.6544
10.2706
12.2137
8.94878
9.49977
7.28596
12.0484
7.34298
15.0183
9.03642
8.95569
10.1355
12.0282
9.69483
7.64478
10.4423
12.1139
7.20458
6.43755
9.31765
12.4901
9.60288
9.86672
10.4884
9.79132
9.58585
8.6602
9.14735
10.1194
12.9585
8.7786
12.1273
8.47032
5.92472
10.2916
11.3365
13.4624
7.71055
10.3281
10.1045
11.9929
11.412
11.674
10.1871
10.1136
10.7894
11.7768
5.66742
13.0517
8.32761
8.7605
10.8028
12.9883
16.8614
8.82305
10.0102
9.31483
11.9717
7.59243
9.54044
8.44699
8.20511
11.1404
12.2444
8.36891
8.1885
9.71988
14.4725
8.41196
12.83
9.35267
9.89682
10.6675
9.58203
9.08896
10.8565
8.83505
9.42786
12.117
10.3864
7.82144
11.6886
11.5252
9.43219
11.229
9.44477
6.56397
11.1009
10.7791
9.44611
10.957
8.33577
9.00072
9.65425
10.8917
10.9429
10.7925
12.6699
10.5636
7.04088
12.8097
7.49291
9.68639
12.95
11.0024
9.30326
7.82049
10.5498
7.56501
14.4776
12.7256
7.30676
11.7813
12.6658
11.893
11.5937
7.92422
8.41736
9.28372
9.73605
12.2638
8.97993
9.73869
10.7534
10.3674
9.2883
11.3641
9.92805
10.8865
9.17662
8.3667
9.415
10.4016
6.98751
13.6976
13.8267
9.07711
12.3862
8.0508
6.72077
12.4688
10.0907
6.46888
9.82498
10.0128
14.5458
8.38539
9.58008
11.1838
11.1853
8.79966
10.5179
8.03106
10.6882
10.3423
10.9978
7.49689
12.369
12.137
11.7039
8.98798
14.459
11.4166
14.4962
10.1416
12.9033
12.1581
11.6833
9.79593
13.5568
8.90005
12.3622
11.7739
11.5786
11.4067
9.58318
7.18361
11.7684
13.5362
10.1407
10.8829
10.1224
6.51597
8.66605
8.14421
11.9151
10.2781
9.36267
12.456
10.5498
12.6646
11.5144
8.57312
10.2538
6.68233
7.97638
9.98786
8.34509
11.1251
7.10372
8.33771
8.16032
12.4737
8.33379
8.3755
6.78896
8.94962
15.1061
10.186
8.44723
9.48163
11.0239
8.59212
8.96965
6.93099
9.3627
8.43446
8.43306
9.8471
8.46295
12.6795
6.10517
14.939
11.6792
6.70147
10.074
9.39603
7.88006
11.3188
11.1413
7.90447
9.18944
9.09727
11.5263
7.22263
9.22218
9.64809
8.90885
8.91917
8.03974
12.678
8.04898
9.01086
11.1736
12.6507
11.9736
10.9575
6.49086
12.062
9.66467
7.92182
10.492
8.14274
12.3607
9.58354
8.45434
10.3193
6.10328
12.1858
11.4637
10.4363
12.87
9.56195
6.29731
10.6253
10.9529
10.9429
11.7761
15.0064
10.1509
9.61919
8.70396
11.0289
6.97496
10.2683
7.28084
9.98938
9.16929
10.3606
9.31727
7.02292
8.67789
8.75256
10.2903
9.9748
13.5412
6.222
10.9863
11.0379
7.57257
12.129
11.0899
8.86377
10.8276
11.7266
9.01048
10.7485
11.3192
11.3314
9.06973
11.7207
8.70365
10.8397
7.08951
12.9644
11.3294
14.1843
9.49255
12.5976
11.8911
10.8249
12.6081
10.6435
10.4591
12.1177
9.72389
7.06219
11.2381
9.85928
10.5536
9.749
8.55813
10.025
8.43696
10.6901
9.87285
8.83835
13.8275
11.2604
12.242
12.959
11.0717
10.9224
10.6588
9.21373
10.3936
13.2631
7.04654
6.98639
8.09496
12.7902
11.0795
8.72144
12.0115
11.1373
10.757
11.6618
15.5793
9.0189
11.4892
10.6508
10.9663
9.54628
12.2599
8.48845
8.02187
7.29099
10.2168
8.12249
9.9899
10.2185
10.9524
12.0757
11.2135
11.4414
10.0548
10.7068
10.3129
8.54638
8.64158
9.00387
9.18793
6.52278
10.2684
6.76895
11.0275
12.4761
10.455
13.3002
11.7931
8.10572
7.38374
11.7908
12.6843
8.33784
13.2007
9.83025
9.41748
13.6683
8.37905
11.705
8.62288
13.1728
12.6518
6.30961
9.8116
9.56439
11.8741
8.2433
8.53538
9.47502
10.9685
6.69968
11.5132
7.32682
8.2953
10.6866
9.62011
8.61906
10.0458
11.2689
9.23493
8.48155
12.3112
9.36738
13.6496
9.9932
9.61358
10.1532
11.4501
6.51226
11.7445
6.27236
11.1158
12.6412
8.73165
9.08815
9.63347
11.2024
11.7286
8.82116
10.5022
11.1454
9.01563
7.13187
10.6816
10.2249
14.6324
9.98516
7.66538
12.6875
7.68883
10.9332
8.78497
13.4033
9.13184
9.90183
12.6619
8.17975
10.3299
7.60681
7.78078
9.91873
7.50342
10.6805
8.38539
10.3488
8.9905
9.18345
7.94529
12.3393
13.9914
12.1326
11.0339
10.0477
8.9945
9.56569
10.3825
7.80246
11.0199
10.0674
13.7818
9.41659
12.2714
11.0156
9.06507
10.2916
7.91833
8.90281
12.8529
9.86668
10.2113
7.20532
11.6211
8.36714
10.2417
9.70798
10.5154
14.8164
13.0819
10.7444
5.05529
12.4466
10.2492
7.29306
6.29308
11.0314
9.75959
10.8896
6.47484
8.53475
13.6623
11.599
7.06246
13.0957
5.16171
12.833
12.166
11.6714
9.04171
6.57152
11.0699
9.98895
9.53931
6.86639
10.679
13.1063
11.0103
9.3931
9.57437
9.54536
8.4963
9.81186
9.68727
8.55989
9.67922
12.563
10.3379
10.7569
10.4756
4.84573
10.143
6.39353
11.9006
10.2304
13.1263
8.23191
12.6532
10.7672
7.34005
7.6853
11.4601
9.89348
5.99554
10.2233
12.9209
10.4578
12.632
11.8476
13.5796
11.2732
6.80109
7.43321
8.82741
12.1524
8.11818
10.1808
12.0724
13.1855
10.3351
9.71675
10.2603
7.66673
7.72117
9.74512
9.28941
9.18194
7.69022
7.80824
11.2343
9.87978
9.35623
11.6918
10.5891
11.5064
12.0286
12.2851
11.8006
10.0934
8.25137
5.95572
7.41981
8.39571
9.19036
8.55359
8.86811
12.3441
12.2175
8.71672
9.44847
5.70263
11.5728
6.16163
12.3101
11.2776
11.3671
10.6051
6.68704
10.6921
11.157
6.59784
8.9191
9.68271
11.1044
8.80546
11.792
12.0347
7.50139
14.2898
9.62008
7.39675
10.6802
6.34888
7.2776
13.9133
9.8274
12.9118
9.56178
12.4419
9.33477
14.1022
7.51878
9.33189
9.58087
10.9012
10.0426
9.52166
8.56746
7.56173
6.49689
7.72484
6.18849
9.91561
11.2317
8.41423
13.2542
10.7058
10.3643
10.347
10.7128
10.1153
8.53183
11.4961
10.4041
9.51852
10.9065
9.44943
10.2665
6.80591
10.5737
7.73901
9.12962
8.95611
9.4228
12.1724
11.9087
6.63509
11.1883
8.14881
8.93304
11.5729
7.27856
12.9823
10.6288
7.19664
8.66328
9.97401
8.74944
9.48967
8.74087
10.4395
12.2916
11.406
13.4309
10.0474
9.53826
9.91292
11.9291
8.19995
10.0631
8.5349
8.71892
12.3399
9.02712
12.1081
7.30151
12.0556
9.60988
8.07748
12.4786
10.6467
11.183
10.7775
9.69976
14.0276
10.4685
12.0481
12.032
14.3816
13.4826
11.3359
9.11295
8.37396
11.3663
7.91495
11.8608
10.3321
10.8881
7.94906
8.99832
11.089
9.52884
13.384
12.323
11.3082
11.3902
8.18923
8.5173
13.6479
8.51915
8.83386
9.43475
7.93348
10.0014
11.7296
11.2706
7.73309
14.9501
9.03075
9.33319
12.0305
10.8198
8.94313
11.3843
13.6483
12.4628
8.72601
9.055
10.0494
10.691
12.5467
9.27415
11.2367
11.1495
10.5614
11.9223
11.4653
8.96777
7.79087
10.7528
13.5493
7.82559
8.5412
10.591
10.1307
7.55975
5.69796
9.33418
8.16392
7.76584
8.74183
12.6827
11.2127
12.1828
5.64732
6.98537
8.97783
13.4375
9.90248
12.6507
8.80094
7.49247
10.1441
5.53672
10.4333
10.3869
9.22909
10.169
6.02044
5.49377
8.01468
8.93983
6.63716
9.15529
12.0143
9.2725
12.5873
11.8771
6.95519
12.0483
6.41833
6.20613
9.02501
9.12458
5.23607
10.6338
8.52871
11.2276
8.81407
6.6625
10.5382
10.6708
8.27868
12.5642
11.6304
9.22237
8.593
10.43
11.4269
9.89922
11.0085
12.5484
9.59496
9.0592
10.654
11.0786
9.76808
11.6502
6.53182
9.97956
8.88044
11.2322
14.4047
10.8613
9.70901
13.4691
14.9201
10.1534
8.69279
11.1717
9.26125
11.7255
6.61205
10.5641
15.8374
8.52769
7.02157
