74
81
81
78
78
85
70
84
86
74
86
80
84
88
86
86
83
77
75
85
74
70
73
80
82
85
79
87
72
81
82
79
72
88
86
84
77
77
81
90
88
74
76
90
79
75
89
78
72
71
79
89
82
74
81
72
73
83
84
81
88
84
70
79
71
89
79
74
82
75
74
88
89
78
78
78
78
83
89
73
77
85
82
79
71
78
87
77
74
78
85
78
83
77
79
78
76
75
88
78
84
84
80
86
84
85
77
89
73
89
77
85
89
88
89
77
78
88
82
77
85
86
90
83
70
73
71
85
82
79
80
71
86
79
87
77
79
83
71
78
80
71
74
75
73
89
71
87
89
72
70
80
79
73
79
76
71
82
84
89
81
80
87
83
75
73
82
75
88
71
79
85
74
85
80
88
80
76
72
71
75
81
85
77
72
78
71
83
86
83
72
76
88
87
74
71
75
70
70
86
72
88
72
72
78
76
80
73
72
83
71
72
78
72
80
86
88
81
85
86
89
85
76
75
88
80
87
77
89
75
75
71
86
77
88
80
72
76
77
85
73
71
89
79
88
83
76
86
76
84
70
77
74
75
76
81
86
83
79
74
88
88
84
85
84
70
84
90
90
80
83
89
76
78
87
85
84
85
78
81
73
89
77
89
88
90
72
72
72
84
77
86
80
79
77
76
84
72
81
87
76
79
84
83
87
75
83
85
90
84
89
81
82
75
90
75
80
82
72
70
75
78
70
84
82
83
75
89
86
79
89
80
89
83
82
89
87
77
74
76
83
85
77
75
81
86
85
73
85
83
83
75
87
89
81
75
87
80
88
76
88
87
74
84
85
78
89
85
84
79
90
76
71
89
78
70
90
83
74
75
72
86
88
88
70
89
79
73
72
82
82
85
77
90
76
85
85
79
70
89
71
90
74
80
74
88
84
79
79
81
73
80
76
81
80
72
76
81
83
76
79
75
84
86
83
80
77
84
82
84
80
88
83
78
72
75
81
74
84
73
73
84
70
89
85
90
82
89
77
87
74
72
90
72
70
86
88
71
79
90
85
88
86
88
89
82
75
83
86
89
89
90
79
82
76
81
88
73
83
75
84
90
70
85
90
74
73
70
74
71
79
73
75
78
82
88
85
88
79
83
89
75
86
87
85
89
75
81
80
85
86
88
84
85
78
80
87
70
89
77
81
87
76
70
78
89
75
81
70
90
78
82
78
88
77
70
70
72
79
70
76
81
75
89
77
90
70
80
71
77
86
73
80
70
86
79
86
75
83
81
90
90
80
71
76
71
70
73
86
72
72
81
82
76
73
74
72
89
86
71
79
70
74
84
83
85
83
71
81
70
73
76
81
71
74
77
81
85
82
87
77
78
78
83
83
81
89
72
90
82
76
76
72
83
88
75
80
88
74
73
75
89
85
84
87
87
77
72
84
83
90
74
83
76
80
84
79
72
82
75
77
74
80
76
74
70
81
75
84
88
82
78
85
89
71
73
79
81
82
75
79
80
88
84
87
77
77
82
88
79
77
71
83
72
71
88
87
87
74
88
86
80
76
73
81
80
74
81
85
75
87
70
72
84
70
78
88
84
76
75
71
79
71
83
74
85
73
80
86
70
89
83
88
79
76
78
71
71
89
85
90
75
88
86
79
90
90
70
75
76
74
85
89
74
82
86
72
73
81
83
79
84
83
87
80
76
85
73
70
86
77
83
83
80
80
84
89
87
84
79
76
77
72
79
78
74
89
85
72
81
75
71
83
81
77
77
79
79
80
85
83
72
76
85
74
87
78
84
83
84
90
81
85
75
83
89
88
72
77
75
82
72
72
78
84
72
78
78
89
90
76
86
70
73
85
86
90
70
88
84
80
85
90
85
72
70
73
86
76
83
70
84
87
86
87
71
86
74
86
80
86
77
73
86
74
75
90
72
81
73
81
82
77
73
78
86
81
80
87
83
78
83
84
84
82
87
82
78
90
71
77
72
71
83
71
70
75
90
77
76
81
87
81
75
73
83
82
73
87
77
87
77
87
78
73
78
75
85
74
74
89
88
87
71
74
87
71
89
84
87
75
84
70
73
89
77
79
80
88
79
78
81
83
90
83
89
70
86
86
89
77
78
83
70
83
78
87
89
78
81
90
72
70
79
81
84
80
83
72
87
77
76
77
79
77
77
82
71
81
79
80
90
73
75
73
86
80
90
87
87
88
90
90
90
88
79
83
85
85
90
84
79
70
80
81
70
82
90
89
86
83
88
83
83
85
86
75
75
81
74
