0.0015476
0.00500008
0.00243085
0.0092421
0.00290089
0.00259653
0.00145287
0.000972305
0.0136221
0.0108109
0.00621029
0.01445
0.0017255
0.000980108
0.0012356
0.00219232
0.00242069
0.000170323
0.0118426
0.0137561
0.00156545
0.027564
0.00880577
0.00237391
0.000124521
0.00111443
0.0186227
0.0201167
0.00382639
0.003345
0.00832085
0.0124306
0.00234927
0.00101818
0.0199624
0.0039109
0.0103009
0.0326015
0.000816029
0.0119444
0.0234797
0.0139569
0.00212598
0.00427519
0.00395041
0.0185836
0.00423454
0.006398
0.00213066
0.00128449
0.0115589
0.0101913
0.00444728
0.00635955
0.00788656
0.00749716
0.00110962
0.0118062
0.00868192
0.00153593
0.00994936
0.00300142
0.00177139
0.00704961
0.0109477
0.00266949
0.00709083
0.00242865
0.00282474
0.0021717
0.0303347
0.00652951
0.00251631
0.00315449
0.00514571
0.0127138
0.00160616
0.0145495
0.00459529
0.0271412
0.012982
0.00229001
0.00874184
0.00180466
0.00576139
0.00437263
0.00546411
0.000663329
0.00238229
0.00425908
0.00240945
0.00263244
0.0122624
0.00232628
0.033326
0.0133369
0.00760291
0.00510512
0.000536835
0.00545358
0.00505323
0.00442796
0.00403936
0.0046299
0.00135169
0.00937905
0.00588923
0.0148749
0.00240934
0.00940721
0.000992504
0.00147089
0.00650356
0.0060991
0.00288272
0.000691889
0.000249201
0.0039786
0.00166384
0.00516433
0.000896412
0.00505351
0.0059088
0.00381122
0.0437043
0.0227548
0.0137996
0.00361201
0.011602
0.00282153
0.0009206
0.00668023
0.00146512
0.0323025
0.0166797
0.0109349
0.0257185
0.000992134
0.00121805
0.0253621
0.00157844
0.00210809
0.014963
0.000231716
0.000538447
0.00188561
0.000326744
0.00893449
0.000443355
0.00616181
0.00423097
0.00186796
0.00277441
0.0067716
0.000172516
0.00158989
0.00320721
0.0239145
0.00442849
0.0122123
0.00162175
0.000608342
0.00514121
0.0127473
0.00213519
0.000331886
0.000412036
0.0158961
0.00863984
0.0121788
0.000137077
0.00792122
0.00365204
0.00195361
0.000285086
0.0155382
0.00256347
0.0152195
0.00284195
0.000278777
0.000812088
0.00746775
0.0251974
0.0064482
0.0423974
0.00899751
0.00355349
0.00434458
0.00343542
0.00157841
0.0057178
0.000272581
0.0177103
0.00189507
0.00322076
0.0093469
0.00254482
0.0155694
0.00318037
0.0179645
0.00967526
0.0121439
0.000193304
0.0112653
0.0102941
0.00875642
0.020397
0.0134413
0.0017667
0.010387
0.00245436
0.00222561
0.00257075
0.00176256
0.00242728
0.00866546
0.00237172
0.0249595
0.0063855
0.0088252
0.010862
0.0173082
0.024642
0.000393106
0.00150402
0.00304813
0.0114645
0.0220671
0.00433254
0.00308973
0.0477611
0.0274836
0.00649523
0.00152085
0.0177388
0.0107606
0.00596252
0.0184426
0.0105848
0.00629679
0.00230192
0.0110966
0.00168198
0.0141054
0.00246472
0.0615957
0.00639232
0.00482266
0.000501156
0.00622866
0.00958315
0.0103088
0.00471484
0.00235229
0.00520999
0.000208429
0.0093053
0.00118387
0.00186086
0.00672537
0.00751215
0.0144685
0.00234455
0.00751283
0.000155124
0.0107104
0.0185005
0.00820889
0.00201095
0.00924976
0.00886847
0.0342047
0.0118131
0.00984116
0.0152606
0.00263745
6.80339e-05
0.0119461
0.00531563
0.00508091
0.0199749
0.00239797
0.0169268
0.00538501
0.000599806
0.0123237
0.00268333
0.00881552
0.00116856
0.000180843
0.011974
0.020061
0.0139485
0.00913664
0.00930769
0.00208155
0.00410448
0.00646082
0.0434674
0.00781606
0.0127809
0.00225537
0.00254742
0.00219453
0.00174882
0.0173143
0.00312923
0.00377166
0.0272246
0.00925331
0.0258954
0.00414458
0.0156784
0.00477
0.0218804
0.0191464
0.00878494
0.00214219
0.0135202
0.0115632
0.0183181
0.00914105
0.0270617
0.004212
0.00271344
0.00110553
0.00270467
0.00149234
0.00969051
0.018927
0.00272824
0.00986748
0.00263402
0.000699427
0.00493032
0.00538526
0.00218437
2.10678e-05
0.019117
0.00120598
0.00360859
0.0100901
0.00563308
0.007554
5.05492e-05
0.00870113
0.00835507
0.00232838
0.00543365
0.0241141
0.0108724
0.00864672
0.000866153
0.000644491
0.00415396
0.00197976
0.0591487
0.00163498
0.00640725
0.0299053
0.00658792
0.0151871
0.00387276
0.00270017
0.0051914
0.00583829
0.016504
0.00695866
0.0287179
0.00364038
0.00274044
0.00452504
0.00121335
0.00940695
0.00597139
0.00392524
0.00318622
0.0040135
0.00220443
0.00697279
0.00504157
0.0353286
0.000526042
0.00113667
0.0193263
0.000531589
0.00586848
0.0222811
0.00240903
0.00311639
0.00152735
0.00171222
0.0145253
0.000718276
0.00215925
0.0109124
0.0165533
0.0339314
0.00768421
1.60881e-05
0.00721643
0.00195988
0.0091578
0.0134133
0.00439578
0.0109892
0.00260311
9.21015e-05
0.0108435
0.007682
7.2921e-05
0.00359221
0.00365694
0.00224387
0.0047053
0.00489345
0.00405407
0.0135917
0.000341458
0.000812894
0.0217522
0.00239193
0.00738892
0.0125774
0.00182066
0.00816144
0.00406349
0.00355507
0.00119605
0.000846264
0.00622831
0.0019703
0.00784574
0.00828932
0.00883562
0.0117584
0.0165973
0.00303682
0.00660568
0.00145616
0.000300038
0.00645917
0.003888
0.00428909
0.00414574
0.00281533
0.00562951
0.000984686
0.0235373
0.0245398
0.0024227
0.00679741
0.0227994
0.00790882
0.00398706
0.0038624
0.0108199
0.00385569
0.0135922
0.00368923
0.00278927
2.12683e-05
0.011004
0.00442389
0.00300001
0.00519328
0.0189741
0.00159602
0.0169404
0.00729554
0.0201223
0.0100446
0.0038794
0.00497214
0.0012198
0.0146818
0.0264483
0.00108199
0.00396264
0.00391187
0.0118089
0.001567
0.00176531
0.0104113
0.0349239
0.0017966
0.000556698
0.00757309
0.00347417
0.000237744
0.0116381
0.0014245
0.0186679
0.00259264
0.00539597
0.0026448
0.00500988
0.00417816
0.0138328
0.00291583
0.0101425
4.37295e-05
0.000572911
0.0370396
0.00236195
0.0325169
0.00277759
0.002155
0.02884
0.00920186
0.00835635
0.00682274
0.0114174
0.0044962
0.0076076
0.00103462
0.0104853
0.00020957
0.00436102
0.00432815
0.00684411
0.00285393
0.018441
0.0062872
0.00493103
0.00373295
0.0115194
0.000692306
0.023339
0.0146048
0.00220518
0.0112881
0.000107288
0.00298298
0.000440564
0.00373615
0.0126165
0.00685317
0.0055695
0.0117783
0.00249368
0.00630747
0.0151677
0.00347149
0.00278005
0.0010952
0.0229936
0.000661601
0.000896067
0.00791826
0.00478041
0.00912276
0.00139284
0.00372452
0.00261572
0.000755964
0.0232958
0.020869
0.000955406
0.0109483
0.00232959
0.00363661
0.00833354
0.00225311
0.00205349
0.00583997
0.00042346
0.0103119
0.00761241
0.00155878
0.00911105
0.00452236
0.00695381
0.020133
0.000431717
0.00143398
0.00173387
0.00494775
0.00276462
0.0030905
0.0104214
0.0161256
0.0302689
0.00112667
0.00400966
0.000670537
0.00591129
0.000502721
0.00196538
0.00114725
0.00724277
0.00172902
0.0112052
0.0123728
0.0036195
0.00488681
0.0038793
0.00880873
0.0242981
0.00670151
0.00632863
0.0174224
0.0036692
0.00723706
0.00255731
0.0113198
0.0102568
0.00801554
0.0208236
0.016997
0.0113275
0.0182591
0.00554067
0.000443635
0.00814362
0.00220741
0.0124267
0.00385503
0.00776887
1.52783e-05
0.00809291
0.000395342
0.000313221
0.00753966
0.00109254
0.002798
0.00859077
0.0105546
0.000477477
0.0274401
0.00688335
0.0196483
0.0115101
0.00154865
0.00298405
0.00116822
0.00368905
0.0111066
0.000480202
0.0528027
0.00972115
0.0115251
0.00184768
0.0154143
0.00632402
0.00128042
0.011367
0.0106781
0.0230315
0.0067675
0.0302463
0.00953035
0.00246617
0.0103256
0.0120614
0.000501494
0.000540336
0.0137423
0.00175831
0.0236706
0.00761567
0.0011083
0.00298874
0.00431535
0.000995888
0.0119777
0.0111118
0.00536765
0.00989558
0.0138293
0.000351389
0.00121674
2.10463e-05
0.00267691
0.00323612
0.00507969
0.000333353
0.0029382
0.00370294
0.000875618
0.0195026
0.0034954
0.000234091
0.00471683
2.21292e-05
0.00500707
0.0027795
0.00235755
0.00131293
0.00382039
0.000960818
0.0159752
0.00204585
0.0273046
0.00467988
0.0216003
0.00161939
0.00566695
0.001752
0.0153776
0.00438754
0.00245192
0.00762729
0.00572604
0.000767748
0.00542484
0.00234115
0.0015829
9.299e-05
0.0101135
0.000471486
0.00924749
0.012395
0.0307776
0.00826423
0.00988213
0.00111546
0.00169711
0.00538643
0.00930613
0.00581804
0.00246381
0.0023492
0.0251723
0.00199007
0.00570894
0.0016264
0.000507111
0.00192254
0.00436175
0.027596
0.00878765
0.00723516
0.00281035
0.00671123
0.0201493
0.000826878
0.00837707
0.00270532
0.00283141
0.0180194
0.0206437
0.0114396
0.00169327
0.00662437
0.0056616
0.00213918
0.00644387
0.00477758
0.00542096
0.0134096
0.0218308
0.00149809
0.0109555
0.00578843
0.0067797
0.00864265
0.0188038
0.0068354
0.00185204
0.00452353
0.00223686
0.0032091
0.0219005
8.72854e-05
0.00733155
0.0073535
0.0152737
0.0134448
0.00519772
0.00305972
0.00848055
0.00311019
0.0139078
0.00351497
0.0122069
0.00579727
0.00604141
0.0030417
0.0044916
0.00405642
0.00593597
0.000121583
0.00824883
0.0126664
0.000763316
0.00849335
0.00502191
0.00965465
0.00231429
0.0209976
0.0126422
0.0115572
0.00679427
0.00228686
7.19607e-05
0.0111293
0.00598003
0.00211447
0.0225818
0.00592893
0.00415028
0.00127685
0.0112681
0.00137557
0.0304893
0.010452
0.00248764
0.000698312
0.00125315
0.00331557
0.016436
0.00440784
0.00259657
0.0112097
0.00161861
0.0155332
0.00235751
0.00418875
0.00158694
0.0134113
0.00400663
0.000305174
0.0109875
0.00891715
0.00389386
0.00123789
0.0160074
0.00395865
0.00266768
0.00976528
0.00249581
0.0186681
0.0015381
0.0172268
0.00137232
0.00314631
0.00772107
0.0022979
0.0154769
0.00743948
0.0183616
0.00672747
0.00250279
0.00861309
0.0144181
0.00241967
0.0195835
0.00268373
0.0169811
0.0083912
0.00761456
0.0200573
0.00253317
0.0040405
0.0026029
0.0156379
0.00280752
0.00520283
0.00192193
0.00406174
0.00173966
0.0191193
0.000324617
0.00889912
0.000453632
0.00240883
0.00512518
0.000509583
0.0154839
0.00171768
0.00259783
0.00118339
0.00565756
0.0255916
0.0167307
0.001788
0.0045176
0.000710868
0.010605
0.00371459
0.00307825
0.0273429
0.00754238
0.00388305
0.0105466
0.000386789
0.000484033
0.0177344
0.00549727
0.00414896
0.000955385
0.000235483
0.000187455
0.00329684
0.0228897
0.0160394
0.0162723
0.000490766
0.002257
0.00192129
0.00870449
0.012067
0.00146044
0.00307786
0.011216
0.00988842
5.31838e-05
0.0126974
0.000190959
0.00436931
0.00695576
0.000327483
0.0318067
0.00448881
0.000774436
0.0251294
0.0175842
0.00807679
0.00227106
0.00120722
0.0126403
0.0112412
0.00259858
0.000967583
0.00296188
0.00223335
0.016752
0.0044199
0.0129916
0.00443984
0.00348376
0.0092184
0.000140517
0.00387355
0.00692866
0.00134229
0.000735137
0.0126278
0.0109965
0.00404974
0.00479158
0.001309
0.00159613
0.00670932
0.0101522
0.00383466
0.00478016
0.00547054
0.0336425
0.00391683
0.0130245
0.00104219
0.00223334
0.0229996
0.0252162
0.00290068
0.00479234
0.00521974
0.0239544
0.0149021
0.00124853
8.01331e-05
0.00436527
0.00973868
0.00942222
7.31758e-05
0.0234155
0.00248619
0.00926865
0.00133479
0.00271049
0.000128245
0.0168643
0.000147894
0.00237887
0.0219006
0.0101984
0.00209621
8.64154e-06
0.00174845
0.00454624
0.0122944
0.000575317
0.0050949
0.00287295
0.00923715
0.000472741
0.022866
0.00691717
0.0320318
0.00245035
0.00720401
0.000853451
0.00244557
0.0303402
0.00748879
0.00480539
0.00492215
0.0218775
