0.000436092
0.0225137
0.0152667
0.000238743
0.0216151
0.00437167
0.00599504
0.00626515
0.0195075
0.00108994
0.0159538
0.00521221
0.00332907
0.000520426
0.023104
0.0317468
0.00308556
0.00440919
0.00708713
0.000893268
0.00263126
0.00457562
0.00324925
0.00305321
0.00516238
0.0195536
0.00232634
0.00991214
0.00576771
0.0154688
0.00137792
0.00910855
0.00294219
0.00792961
0.000825168
0.0268159
0.00526284
0.00314677
0.00658249
0.00940308
0.0126704
0.00667048
0.000333829
0.0108343
0.00413669
0.0054704
0.000189236
0.00513609
0.00697629
0.00960593
0.00239136
0.0131506
0.00610481
0.00487187
0.00725498
0.00477902
0.0107553
0.0172479
0.00249042
0.00148657
0.0106429
0.0158233
0.0179113
0.0150872
0.000309641
0.00133797
0.00684264
0.00220199
1.85932e-05
0.000276285
0.00339376
0.00397635
0.00312429
0.0211854
0.00597505
0.00502268
0.00180294
0.00371607
0.00318844
0.00508888
0.00493992
0.014131
0.00305052
0.0210931
0.00373819
0.00373129
0.00377289
0.00413928
0.00270633
0.00263405
0.00568205
0.0108202
0.000483819
0.00617901
0.000328429
0.000289784
0.016428
0.00679106
0.0229148
0.00210991
